return {
    furniture = {
        ["f-23556"] = {
            hash = 1,
            id = "beam_v1_wood",
            cframe = CFrame.new(496.226,11.2,-626.567,0.866007,0,0.500031,0,1,0,-0.500031,0,0.866007),
            scale = 1,
        },
        ["f-23195"] = {
            hash = 1,
            id = "island_rock",
            cframe = CFrame.new(468.6,56.1021,-892.6,0,0,1,0,1,-0,-1,0,0),
            scale = 1,
        },
        ["f-23434"] = {
            hash = 1,
            id = "beam_v1_plain",
            cframe = CFrame.new(493.554,30.9822,-658.828,-0.500046,0,0.865999,0,1,0,-0.865999,0,-0.500046),
            scale = 1,
        },
        ["f-22837"] = {
            hash = 1,
            id = "roof_high_v2_wood",
            cframe = CFrame.new(524.511,41.1,-557.108,-0.866007,0,-0.500031,0,1,0,0.500031,0,-0.866007),
            scale = 1,
        },
        ["f-23069"] = {
            hash = 1,
            id = "basicrug",
            cframe = CFrame.new(520.92,10.9451,-560.824,0.866007,0,0.500031,0,1,0,-0.500031,0,0.866007),
            scale = 1,
        },
        ["f-24236"] = {
            hash = 1,
            id = "wall_short_glass",
            cframe = CFrame.new(459.377,47.5823,-851.677,0.707068,0,0.707146,0,1,0,-0.707146,0,0.707068),
            scale = 1,
        },
        ["f-23611"] = {
            hash = 1,
            id = "roof_high_v1_wood",
            cframe = CFrame.new(501.348,43.2,-575.931,-0.866007,0,-0.500031,0,1,0,0.500031,0,-0.866007),
            scale = 1,
        },
        ["f-23450"] = {
            hash = 1,
            id = "wall_short_glass",
            cframe = CFrame.new(433.317,47.7922,-853.234,-0.707266,0,-0.706947,0,1,0,0.706947,0,-0.707266),
            scale = 1,
        },
        ["f-22374"] = {
            hash = 1,
            id = "wall_tall_plain",
            cframe = CFrame.new(513.512,6.30005,-636.94,0.866007,0,0.500031,0,1,0,-0.500031,0,0.866007),
            scale = 1,
        },
        ["f-23818"] = {
            hash = 1,
            id = "small_island_tree",
            cframe = CFrame.new(431.918,10.78,-715.282,-0.707134,0,-0.707079,0,1,0,0.707079,0,-0.707134),
            scale = 1,
        },
        ["f-23833"] = {
            hash = 1,
            id = "floor_half1_stone",
            cframe = CFrame.new(483.199,20.8628,-879.601,0.707134,-0,-0.707079,0,1,-0,0.707079,0,0.707134),
            scale = 1,
        },
        ["f-22350"] = {
            hash = 1,
            id = "ropes_verticalstring_v3",
            cframe = CFrame.new(494.768,13.2,-606.437,6.57439e-05,-0.865977,0.500084,1,6.57439e-05,-1.7643e-05,-1.7643e-05,0.500084,0.865977),
            scale = 1,
        },
        ["f-22280"] = {
            hash = 1,
            id = "largecandle",
            cframe = CFrame.new(522.557,11.9998,-584.37,0.866007,0,0.500031,0,1,0,-0.500031,0,0.866007),
            scale = 1,
        },
        ["f-23019"] = {
            hash = 1,
            id = "wall_short_wood",
            cframe = CFrame.new(320.4,13.1145,-620.3,-0.966065,0,0.2583,0,1,0,-0.2583,0,-0.966065),
            scale = 1,
        },
        ["f-22407"] = {
            hash = 1,
            id = "floor_half1_plain",
            cframe = CFrame.new(506.237,11.4143,-644.25,-0.500046,0,0.865999,0,1,0,-0.865999,0,-0.500046),
            scale = 1,
        },
        ["f-23135"] = {
            hash = 1,
            id = "ropes_verticalstring_v2",
            cframe = CFrame.new(511.618,42.1445,-568.32,0.707332,0,0.706881,0,1,0,-0.706881,0,0.707332),
            scale = 1,
        },
        ["f-22593"] = {
            hash = 1,
            id = "floor_double_plain",
            cframe = CFrame.new(521.575,26.3,-584.63,0.866141,0,0.499799,0,1,0,-0.499799,0,0.866141),
            scale = 1,
        },
        ["f-23914"] = {
            hash = 1,
            id = "lures_2023_normal_lure",
            cframe = CFrame.new(473,11.5051,-713,-0.26002,0,0.965603,0,1,0,-0.965603,0,-0.26002),
            scale = 1,
        },
        ["f-22201"] = {
            hash = 1,
            id = "beam_v1_plain",
            cframe = CFrame.new(473.947,11.1001,-647.698,0.866007,0,0.500031,0,1,0,-0.500031,0,0.866007),
            scale = 1,
        },
        ["f-23426"] = {
            hash = 1,
            id = "soccer_2024_shampoo_bottle",
            cframe = CFrame.new(490.9,33.0562,-649.6,-0.499787,0,0.866148,0,1,0,-0.866148,0,-0.499787),
            scale = 1,
        },
        ["f-21649"] = {
            hash = 1,
            id = "wall_short_wood",
            cframe = CFrame.new(345.964,23.6741,-653.767,0.000229359,-0.965939,0.25877,-1,-0.000229359,3.01898e-05,3.01898e-05,-0.25877,-0.965939),
            scale = 1,
        },
        ["f-22086"] = {
            hash = 1,
            id = "triangle_frame_tall_v2_plain",
            cframe = CFrame.new(412.794,25.5454,-745.413,0.500046,-0,-0.865999,0,1,-0,0.865999,0,0.500046),
            scale = 1,
        },
        ["f-22497"] = {
            hash = 1,
            id = "round_wall_v1_wood",
            cframe = CFrame.new(450.741,38.9448,-857.942,-0.707266,0,-0.706947,0,1,0,0.706947,0,-0.707266),
            scale = 1,
        },
        ["f-24565"] = {
            hash = 1,
            id = "mound",
            cframe = CFrame.new(466.9,56.2971,-888.6,0.258864,-0,-0.965914,0,1,-0,0.965914,0,0.258864),
            scale = 1,
        },
        ["f-22491"] = {
            hash = 1,
            id = "beam_v1_plain",
            cframe = CFrame.new(498.514,56.2971,-888.986,-0.707134,0,-0.707079,0,1,0,0.707079,0,-0.707134),
            scale = 1,
        },
        ["f-23482"] = {
            hash = 1,
            id = "bamboo_plant",
            cframe = CFrame.new(507.3,26.8357,-604.1,-0.865381,0,0.501115,0,1,0,-0.501115,0,-0.865381),
            scale = 1,
        },
        ["f-21734"] = {
            hash = 1,
            id = "cheapcounter",
            cframe = CFrame.new(522.338,27.3,-580.151,-0.865829,0,-0.500341,0,1,0,0.500341,0,-0.865829),
            scale = 1,
        },
        ["f-21832"] = {
            hash = 1,
            id = "wall_short_glass",
            cframe = CFrame.new(466.003,45.459,-830.099,0.707068,0,0.707146,0,1,0,-0.707146,0,0.707068),
            scale = 1,
        },
        ["f-21942"] = {
            hash = 1,
            id = "stripedrug",
            cframe = CFrame.new(444.7,55.9021,-855.9,0.707134,-0,-0.707079,0,1,-0,0.707079,0,0.707134),
            scale = 1,
        },
        ["f-21933"] = {
            hash = 1,
            id = "wall_short_plain",
            cframe = CFrame.new(418.331,27.2468,-830.173,-0.183249,0.747962,-0.637944,-0.964029,-0.00963163,0.265624,0.192532,0.663671,0.722822),
            scale = 1,
        },
        ["f-23715"] = {
            hash = 1,
            id = "archway_rounded_plain",
            cframe = CFrame.new(531.034,30.9001,-557.594,-0.866141,0,-0.499799,0,1,0,0.499799,0,-0.866141),
            scale = 1,
        },
        ["f-22510"] = {
            hash = 1,
            id = "grassmound_v2",
            cframe = CFrame.new(395.699,9.34551,-732,0.866007,0,0.500031,0,1,0,-0.500031,0,0.866007),
            scale = 1,
        },
        ["f-22963"] = {
            hash = 1,
            id = "glass",
            cframe = CFrame.new(493.765,23.0298,-653.246,0.865918,0,0.500186,0,1,0,-0.500186,0,0.865918),
            scale = 1,
        },
        ["f-23117"] = {
            hash = 1,
            id = "ropes_verticalfairylights_v2",
            cframe = CFrame.new(406.547,22.0921,-705.006,-1.26362e-05,0.965939,0.25877,-1,-1.26362e-05,-1.66893e-06,1.66893e-06,-0.25877,0.965939),
            scale = 1,
        },
        ["f-24319"] = {
            hash = 1,
            id = "beam_v1_plain",
            cframe = CFrame.new(486.7,27.3,-621.8,1,0,0,0,1,0,0,0,1),
            scale = 1,
        },
        ["f-22179"] = {
            hash = 1,
            id = "ropes_verticalrope_v2",
            cframe = CFrame.new(467.81,39.959,-896.126,0.70706,0.707153,-7.9453e-05,-0.000146061,3.36766e-05,-1,-0.707153,0.70706,0.000127077),
            scale = 1,
        },
        ["f-22801"] = {
            hash = 1,
            id = "plate",
            cframe = CFrame.new(492.914,30.0901,-595.253,0.866007,0,0.500031,0,1,0,-0.500031,0,0.866007),
            scale = 1,
        },
        ["f-22107"] = {
            hash = 1,
            id = "round_wall_v3_wood",
            cframe = CFrame.new(390.298,16.4453,-755.274,-0.866007,0,-0.500031,0,1,0,0.500031,0,-0.866007),
            scale = 1,
        },
        ["f-23120"] = {
            hash = 1,
            id = "beam_v1_plain",
            cframe = CFrame.new(454.699,23.9003,-877.238,8.02279e-05,-0.70706,-0.707153,-1,-8.04663e-05,-3.32892e-05,-3.32892e-05,0.707153,-0.707061),
            scale = 1,
        },
        ["f-22827"] = {
            hash = 1,
            id = "floor_half1_wood",
            cframe = CFrame.new(596.5,15.4401,-691.7,0.707134,0,0.707079,0,1,0,-0.707079,0,0.707134),
            scale = 1,
        },
        ["f-22356"] = {
            hash = 1,
            id = "floor_double_plain",
            cframe = CFrame.new(459.551,54.9022,-838.266,0.707134,-0,-0.707079,0,1,-0,0.707079,0,0.707134),
            scale = 1,
        },
        ["f-22897"] = {
            hash = 1,
            id = "floor_half1_brick",
            cframe = CFrame.new(710.393,50.1001,-752.167,0.866141,0,0.499799,0,1,0,-0.499799,0,0.866141),
            scale = 1,
        },
        ["f-22599"] = {
            hash = 1,
            id = "wall_tall_glass",
            cframe = CFrame.new(664.424,50.8013,-768.147,-0.499959,0,0.866049,0,1,0,-0.866049,0,-0.499959),
            scale = 1,
        },
        ["f-24472"] = {
            hash = 1,
            id = "wall_short_plain",
            cframe = CFrame.new(456.974,41.781,-891.978,0.707068,0,0.707146,0,1,0,-0.707146,0,0.707068),
            scale = 1,
        },
        ["f-21776"] = {
            hash = 1,
            id = "wall_wood",
            cframe = CFrame.new(324.852,33.1145,-654.141,0.258339,0,0.966054,0,1,0,-0.966054,0,0.258339),
            scale = 1,
        },
        ["f-22345"] = {
            hash = 1,
            id = "normalsink",
            cframe = CFrame.new(512.93,30.52,-641.175,0.866275,0,0.499567,0,1,0,-0.499567,0,0.866275),
            scale = 1,
        },
        ["f-23592"] = {
            hash = 1,
            id = "pizzadough",
            cframe = CFrame.new(716.866,56.5369,-779.5,0.866141,0,0.499799,0,1,0,-0.499799,0,0.866141),
            scale = 1,
        },
        ["f-21655"] = {
            hash = 1,
            id = "wall_brick",
            cframe = CFrame.new(494.015,1.40015,-567.059,-0.500046,0,0.865999,0,1,0,-0.865999,0,-0.500046),
            scale = 1,
        },
        ["f-22448"] = {
            hash = 1,
            id = "ropes_verticalstring_v1",
            cframe = CFrame.new(487.312,29.2,-593.556,-0.249904,-0.865987,0.433144,0.86617,4.17233e-06,0.499749,-0.432778,0.500066,0.750091),
            scale = 1,
        },
        ["f-21908"] = {
            hash = 1,
            id = "stairs_curved_v2_plain",
            cframe = CFrame.new(481.871,21.9202,-866.099,-0.866052,0,-0.499954,0,1,0,0.499954,0,-0.866052),
            scale = 1,
        },
        ["f-22052"] = {
            hash = 1,
            id = "wall_tall_plain",
            cframe = CFrame.new(514.9,33.791,-644.5,-0.499959,0,0.866049,0,1,0,-0.866049,0,-0.499959),
            scale = 1,
        },
        ["f-23476"] = {
            hash = 1,
            id = "beam_v1_wood",
            cframe = CFrame.new(409.446,5.2456,-767.7,0.866007,0,0.500031,0,1,0,-0.500031,0,0.866007),
            scale = 1,
        },
        ["f-22286"] = {
            hash = 1,
            id = "floor_half1_plain",
            cframe = CFrame.new(520,34.3349,-579.2,0.865918,0,0.500186,0,1,0,-0.500186,0,0.865918),
            scale = 1,
        },
        ["f-23967"] = {
            hash = 1,
            id = "trim_v1_bottom_glass",
            cframe = CFrame.new(507.132,30.3999,-644.129,-0.514783,0.857321,-4.31836e-05,6.30915e-05,-1.26362e-05,-1,-0.857321,-0.514783,-4.78029e-05),
            scale = 1,
        },
        ["f-23293"] = {
            hash = 1,
            id = "beanbag",
            cframe = CFrame.new(461.5,11.4131,-579.1,-0.9662,0,0.257796,0,1,0,-0.257796,0,-0.9662),
            scale = 1,
        },
        ["f-24102"] = {
            hash = 1,
            id = "beach_2023_surf_board_shelf",
            cframe = CFrame.new(381.6,11.105,-687.4,-1,0,0,0,1,0,0,0,-1),
            scale = 1,
        },
        ["f-24600"] = {
            hash = 1,
            id = "tinystylishtree",
            cframe = CFrame.new(478.683,12.9087,-624.644,0.866007,0,0.500031,0,1,0,-0.500031,0,0.866007),
            scale = 1,
        },
        ["f-22714"] = {
            hash = 1,
            id = "brick",
            cframe = CFrame.new(518.757,27.9011,-561.073,0.866141,0,0.499799,0,1,0,-0.499799,0,0.866141),
            scale = 1,
        },
        ["f-21965"] = {
            hash = 1,
            id = "beam_v1_plain",
            cframe = CFrame.new(535.401,21.1,-561.142,0.866052,0,0.499954,0,1,0,-0.499954,0,0.866052),
            scale = 1,
        },
        ["f-23578"] = {
            hash = 1,
            id = "ropes_verticalrope_v3",
            cframe = CFrame.new(448.708,23.9998,-861.232,0.7072,-0.707013,-7.20024e-05,4.07696e-05,-6.12736e-05,1,-0.707013,-0.707201,-1.45435e-05),
            scale = 1,
        },
        ["f-22157"] = {
            hash = 1,
            id = "wall_tall_plain",
            cframe = CFrame.new(546.6,27.5251,-584.9,-0.866141,0,-0.499799,0,1,0,0.499799,0,-0.866141),
            scale = 1,
        },
        ["f-22974"] = {
            hash = 1,
            id = "ropes_verticalstring_v3",
            cframe = CFrame.new(488.941,31.2213,-586.636,0.470084,0.882622,-6.49691e-06,-6.49691e-06,1.0848e-05,1,0.882622,-0.470084,1.0848e-05),
            scale = 1,
        },
        ["f-23018"] = {
            hash = 1,
            id = "wall_short_plain",
            cframe = CFrame.new(429.264,51.6181,-864.266,0.707068,0,0.707146,0,1,0,-0.707146,0,0.707068),
            scale = 1,
        },
        ["f-23526"] = {
            hash = 1,
            id = "tinystylishtree",
            cframe = CFrame.new(479.3,13.093,-623.9,0.866007,0,0.500031,0,1,0,-0.500031,0,0.866007),
            scale = 1,
        },
        ["f-22744"] = {
            hash = 1,
            id = "cheapcounter",
            cframe = CFrame.new(414.327,15.5454,-755.681,-0.866007,0,-0.500031,0,1,0,0.500031,0,-0.866007),
            scale = 1,
        },
        ["f-23198"] = {
            hash = 1,
            id = "ropes_horizontalrope_v3",
            cframe = CFrame.new(341.1,39.8145,-645.2,0.258339,0,0.966054,0,1,0,-0.966054,0,0.258339),
            scale = 1,
        },
        ["f-24546"] = {
            hash = 1,
            id = "beam_v3_plain",
            cframe = CFrame.new(482.6,44.6003,-897,0.707134,-0,-0.707079,0,1,-0,0.707079,0,0.707134),
            scale = 1,
        },
        ["f-24592"] = {
            hash = 1,
            id = "brick",
            cframe = CFrame.new(467.6,27.3,-639.3,0.866141,0,0.499799,0,1,0,-0.499799,0,0.866141),
            scale = 1,
        },
        ["f-21917"] = {
            hash = 1,
            id = "cat_ear_rug",
            cframe = CFrame.new(703.025,67.3,-728.29,-0.866293,-0.499537,-3.24845e-06,-3.24845e-06,1.20997e-05,-1,0.499537,-0.866293,-1.21593e-05),
            scale = 1,
        },
        ["f-22799"] = {
            hash = 1,
            id = "beam_v1_plain",
            cframe = CFrame.new(525.861,11.1001,-555.718,0.866052,0,0.499954,0,1,0,-0.499954,0,0.866052),
            scale = 1,
        },
        ["f-23852"] = {
            hash = 1,
            id = "wall_tall_plain",
            cframe = CFrame.new(489.699,7.19995,-617.399,-0.258864,0,0.965914,0,1,0,-0.965914,0,-0.258864),
            scale = 1,
        },
        ["f-24620"] = {
            hash = 1,
            id = "medium_cylinder",
            cframe = CFrame.new(462.909,38.2208,-881.991,0.707134,-0,-0.707079,0,1,-0,0.707079,0,0.707134),
            scale = 1,
        },
        ["f-23626"] = {
            hash = 1,
            id = "floor_double_plain",
            cframe = CFrame.new(435.39,36.5823,-831.193,0.707134,-0,-0.707079,0,1,-0,0.707079,0,0.707134),
            scale = 1,
        },
        ["f-23732"] = {
            hash = 1,
            id = "ropes_verticalrope_v2",
            cframe = CFrame.new(402.206,16.3643,-731.939,0.866008,0.500029,-0.000155002,-0.000198737,3.40939e-05,-1,-0.500029,0.866009,0.000128925),
            scale = 1,
        },
        ["f-22650"] = {
            hash = 1,
            id = "wall_short_glass",
            cframe = CFrame.new(429.051,27,-863.748,0.707068,0,0.707146,0,1,0,-0.707146,0,0.707068),
            scale = 1,
        },
        ["f-21900"] = {
            hash = 1,
            id = "wall_short_plain",
            cframe = CFrame.new(524.047,15.0582,-583.738,-0.500046,0,0.865999,0,1,0,-0.865999,0,-0.500046),
            scale = 1,
        },
        ["f-23311"] = {
            hash = 1,
            id = "bottles",
            cframe = CFrame.new(452.7,14.3098,-634.8,0.866007,0,0.500031,0,1,0,-0.500031,0,0.866007),
            scale = 1,
        },
        ["f-23498"] = {
            hash = 1,
            id = "ropes_horizontalfairylights_v3",
            cframe = CFrame.new(548.534,28.3992,-808.484,-0.500132,0,0.865949,0,1,0,-0.865949,0,-0.500132),
            scale = 1,
        },
        ["f-24185"] = {
            hash = 1,
            id = "sphere_v1_plain",
            cframe = CFrame.new(692.501,103.089,-754.67,0.865918,0,0.500186,0,1,0,-0.500186,0,0.865918),
            scale = 1,
        },
        ["f-24465"] = {
            hash = 1,
            id = "grassmound_v3",
            cframe = CFrame.new(431.5,11.1455,-742.1,0.866007,0,0.500031,0,1,0,-0.500031,0,0.866007),
            scale = 1,
        },
        ["f-23258"] = {
            hash = 1,
            id = "glass",
            cframe = CFrame.new(493.014,30.2576,-595.553,0.866007,0,0.500031,0,1,0,-0.500031,0,0.866007),
            scale = 1,
        },
        ["f-22438"] = {
            hash = 1,
            id = "wall_tall_wood",
            cframe = CFrame.new(583.8,11.3149,-693.9,0.707134,-0,-0.707079,0,1,-0,0.707079,0,0.707134),
            scale = 1,
        },
        ["f-22251"] = {
            hash = 1,
            id = "medium_disk",
            cframe = CFrame.new(512.718,20.3935,-584.205,0.866009,0.500029,-8.0809e-05,-3.70741e-05,-9.7394e-05,-1,-0.500029,0.866009,-6.58035e-05),
            scale = 1,
        },
        ["f-23251"] = {
            hash = 1,
            id = "floor_double_plain",
            cframe = CFrame.new(472.8,8.80005,-852,0.707134,0,0.707079,0,1,0,-0.707079,0,0.707134),
            scale = 1,
        },
        ["f-23634"] = {
            hash = 1,
            id = "floor_half1_wood",
            cframe = CFrame.new(500.1,15.2297,-659,-0.866007,0,-0.500031,0,1,0,0.500031,0,-0.866007),
            scale = 1,
        },
        ["f-22618"] = {
            hash = 1,
            id = "floor_plain",
            cframe = CFrame.new(488.9,37.8003,-885.1,0.707134,0,0.707079,0,-1,0,0.707079,0,-0.707134),
            scale = 1,
        },
        ["f-22093"] = {
            hash = 1,
            id = "donutrug",
            cframe = CFrame.new(436.8,22.1104,-825.3,0.707134,-0,-0.707079,0,1,-0,0.707079,0,0.707134),
            scale = 1,
        },
        ["f-22954"] = {
            hash = 1,
            id = "wall_double_plain",
            cframe = CFrame.new(497.1,27.3,-641.8,-0.499787,0,0.866148,0,1,0,-0.866148,0,-0.499787),
            scale = 1,
        },
        ["f-24403"] = {
            hash = 1,
            id = "stairs_v2_stone",
            cframe = CFrame.new(448.801,8.75635,-600.101,-0.866007,0,-0.500031,0,1,0,0.500031,0,-0.866007),
            scale = 1,
        },
        ["f-21857"] = {
            hash = 1,
            id = "floor_double_wood",
            cframe = CFrame.new(352.167,12.1145,-642.321,0.258339,0,0.966054,0,1,0,-0.966054,0,0.258339),
            scale = 1,
        },
        ["f-23594"] = {
            hash = 1,
            id = "glass",
            cframe = CFrame.new(430.966,25.4873,-861.766,0.707134,-0,-0.707079,0,1,-0,0.707079,0,0.707134),
            scale = 1,
        },
        ["f-23965"] = {
            hash = 1,
            id = "floor_half1_wood",
            cframe = CFrame.new(485,29.793,-642,-0.499959,0,0.866049,0,1,0,-0.866049,0,-0.499959),
            scale = 1,
        },
        ["f-22122"] = {
            hash = 1,
            id = "tinysquaretree",
            cframe = CFrame.new(673.939,53.1331,-774.948,0.86632,0,0.49949,0,1,0,-0.49949,0,0.86632),
            scale = 1,
        },
        ["f-23716"] = {
            hash = 1,
            id = "beam_v3_plain",
            cframe = CFrame.new(445.817,19.7056,-691.317,-0.499959,0,0.866049,0,1,0,-0.866049,0,-0.499959),
            scale = 1,
        },
        ["f-22226"] = {
            hash = 1,
            id = "circulartable",
            cframe = CFrame.new(344.5,13.1145,-621.7,0.966065,-0,-0.2583,0,1,-0,0.2583,0,0.966065),
            scale = 1,
        },
        ["f-22853"] = {
            hash = 1,
            id = "beam_v1_wood",
            cframe = CFrame.new(569.999,21.7998,-714.001,0.96602,0,0.258468,0,1,0,-0.258468,0,0.96602),
            scale = 1,
        },
        ["f-21989"] = {
            hash = 1,
            id = "cube_double_brick",
            cframe = CFrame.new(522.808,-4.896,-828.01,0.717544,0,0.696513,0,1,0,-0.696513,0,0.717544),
            scale = 1,
        },
        ["f-24387"] = {
            hash = 1,
            id = "ropes_horizontalfairylights_v3",
            cframe = CFrame.new(361.1,20.1145,-638.9,0.258339,0,0.966054,0,1,0,-0.966054,0,0.258339),
            scale = 1,
        },
        ["f-24349"] = {
            hash = 1,
            id = "small_island_tree",
            cframe = CFrame.new(401.8,10.78,-688.6,0.499959,-0,-0.866049,0,1,-0,0.866049,0,0.499959),
            scale = 1,
        },
        ["f-21646"] = {
            hash = 1,
            id = "ropes_verticalrope_v2",
            cframe = CFrame.new(427.627,23.3351,-678.016,2.0504e-05,-0.86604,0.499975,1,2.0504e-05,-5.49853e-06,-5.49853e-06,0.499975,0.86604),
            scale = 1,
        },
        ["f-24035"] = {
            hash = 1,
            id = "smallbottle",
            cframe = CFrame.new(537.872,30.9381,-583.384,-4.25577e-05,-0.866166,0.499756,1,-4.25577e-05,1.14143e-05,1.14143e-05,0.499756,0.866166),
            scale = 1,
        },
        ["f-22378"] = {
            hash = 1,
            id = "floor_double_plain",
            cframe = CFrame.new(441.979,10.1001,-553.39,0.866007,0,0.500031,0,1,0,-0.500031,0,0.866007),
            scale = 1,
        },
        ["f-23053"] = {
            hash = 1,
            id = "brick",
            cframe = CFrame.new(407.663,15.9197,-731.551,0.321409,-0.866024,0.383013,0.766033,1.00136e-05,-0.642802,0.556678,0.500003,0.663406),
            scale = 1,
        },
        ["f-22969"] = {
            hash = 1,
            id = "wall_wood",
            cframe = CFrame.new(330.871,33.1226,-657.421,0.966065,-0,-0.2583,0,1,-0,0.2583,0,0.966065),
            scale = 1,
        },
        ["f-22277"] = {
            hash = 1,
            id = "scary_2021_squat_potion_mushroom",
            cframe = CFrame.new(483.545,16.9429,-624.326,0.866007,0,-0.500031,0,-1,-0,-0.500031,0,-0.866007),
            scale = 1,
        },
        ["f-22807"] = {
            hash = 1,
            id = "roof_high_v1_wood",
            cframe = CFrame.new(548.1,52.8999,-580.9,0.258864,-0,-0.965914,0,1,-0,0.965914,0,0.258864),
            scale = 1,
        },
        ["f-22836"] = {
            hash = 1,
            id = "beam_v1_plain",
            cframe = CFrame.new(483.428,18.7549,-847.236,0.707134,0,0.707079,0,1,0,-0.707079,0,0.707134),
            scale = 1,
        },
        ["f-22783"] = {
            hash = 1,
            id = "circulartable",
            cframe = CFrame.new(358,13.1145,-647,0.966065,-0,-0.2583,0,1,-0,0.2583,0,0.966065),
            scale = 1,
        },
        ["f-24497"] = {
            hash = 1,
            id = "beam_v1_wood",
            cframe = CFrame.new(506.364,16.414,-632.42,0.866007,0,0.500031,0,1,0,-0.500031,0,0.866007),
            scale = 1,
        },
        ["f-23399"] = {
            hash = 1,
            id = "wall_double_plain",
            cframe = CFrame.new(409.57,19.6856,-602.226,0.866186,0,0.499722,0,1,0,-0.499722,0,0.866186),
            scale = 1,
        },
        ["f-24587"] = {
            hash = 1,
            id = "floor_double_plain",
            cframe = CFrame.new(467.446,75.0002,-853.624,0.707134,0,0.707079,0,1,0,-0.707079,0,0.707134),
            scale = 1,
        },
        ["f-23842"] = {
            hash = 1,
            id = "beam_v1_plain",
            cframe = CFrame.new(516.585,21,-550.28,0.866052,0,0.499954,0,1,0,-0.499954,0,0.866052),
            scale = 1,
        },
        ["f-22379"] = {
            hash = 1,
            id = "cashregister",
            cframe = CFrame.new(538.9,15.2,-584.4,0.866007,0,0.500031,0,1,0,-0.500031,0,0.866007),
            scale = 1,
        },
        ["f-24078"] = {
            hash = 1,
            id = "wall_tall_plain",
            cframe = CFrame.new(420.8,35.2202,-847.2,0.707134,-0,-0.707079,0,1,-0,0.707079,0,0.707134),
            scale = 1,
        },
        ["f-23334"] = {
            hash = 1,
            id = "wedge_tall_v1_plain",
            cframe = CFrame.new(514.378,29.136,-559.155,0.499528,-0,-0.866298,0,1,-0,0.866298,0,0.499528),
            scale = 1,
        },
        ["f-23899"] = {
            hash = 1,
            id = "ropes_verticalstring_v3",
            cframe = CFrame.new(522.08,14.0143,-552.234,-0.0233033,-0.543045,-0.83938,0.999326,-0.0364825,-0.00414103,-0.0283739,-0.838911,0.543529),
            scale = 1,
        },
        ["f-24047"] = {
            hash = 1,
            id = "small_island_tree",
            cframe = CFrame.new(571,10.05,-780,0.965952,0,0.258721,0,1,0,-0.258721,0,0.965952),
            scale = 1,
        },
        ["f-23299"] = {
            hash = 1,
            id = "trim_v1_top_plain",
            cframe = CFrame.new(472.519,23.6327,-903.433,0.000148773,0.258869,0.965912,1,-2.38419e-07,-0.000154048,-3.96967e-05,0.965912,-0.25887),
            scale = 1,
        },
        ["f-22212"] = {
            hash = 1,
            id = "floor_long1_wood",
            cframe = CFrame.new(415.307,14.5455,-749.434,-0.866007,0,-0.500031,0,1,0,0.500031,0,-0.866007),
            scale = 1,
        },
        ["f-23079"] = {
            hash = 1,
            id = "trim_v1_bottom_glass",
            cframe = CFrame.new(509.72,32.6933,-567.357,-0.682261,0.731057,0.00873396,0.0170167,0.00393552,0.999848,0.730911,0.682305,-0.0151255),
            scale = 1,
        },
        ["f-23353"] = {
            hash = 1,
            id = "floor_double_plain",
            cframe = CFrame.new(406.6,20.7451,-798.4,0,0,1,0,1,-0,-1,0,0),
            scale = 1,
        },
        ["f-24481"] = {
            hash = 1,
            id = "wall_short_glass",
            cframe = CFrame.new(456.941,37.1311,-891.641,0.707068,0,0.707146,0,1,0,-0.707146,0,0.707068),
            scale = 1,
        },
        ["f-22393"] = {
            hash = 1,
            id = "floor_half1_wood",
            cframe = CFrame.new(345.442,29.9146,-627.541,0.258339,0,0.966054,0,1,0,-0.966054,0,0.258339),
            scale = 1,
        },
        ["f-24199"] = {
            hash = 1,
            id = "floor_double_wood",
            cframe = CFrame.new(332.666,42.8574,-646.596,0.258339,0,0.966054,0,1,0,-0.966054,0,0.258339),
            scale = 1,
        },
        ["f-22601"] = {
            hash = 1,
            id = "wall_tall_wood",
            cframe = CFrame.new(593.817,11.3149,-683.884,0.707134,-0,-0.707079,0,1,-0,0.707079,0,0.707134),
            scale = 1,
        },
        ["f-21840"] = {
            hash = 1,
            id = "beam_v1_plain",
            cframe = CFrame.new(521.777,11.2,-633.157,0.866052,0,0.499954,0,1,0,-0.499954,0,0.866052),
            scale = 1,
        },
        ["f-23615"] = {
            hash = 1,
            id = "small_island_tree",
            cframe = CFrame.new(474,10.05,-761,-0.499959,0,0.866049,0,1,0,-0.866049,0,-0.499959),
            scale = 1,
        },
        ["f-22097"] = {
            hash = 1,
            id = "choppingboard",
            cframe = CFrame.new(463.577,17.3423,-583.621,0.499959,0,0.866049,0,1,0,-0.866049,0,0.499959),
            scale = 1,
        },
        ["f-23321"] = {
            hash = 1,
            id = "cone_v1_plain",
            cframe = CFrame.new(688.067,108.39,-757.564,-0.765943,0,0.642908,0,-1,0,0.642908,0,0.765943),
            scale = 1,
        },
        ["f-22207"] = {
            hash = 1,
            id = "floor_double_plain",
            cframe = CFrame.new(504.65,10.2,-566.525,0.866007,0,0.500031,0,1,0,-0.500031,0,0.866007),
            scale = 1,
        },
        ["f-23024"] = {
            hash = 1,
            id = "expandable_houses_2023_luxury_plant_pot",
            cframe = CFrame.new(503.199,27.3101,-660.8,0.86632,0,0.49949,0,1,0,-0.49949,0,0.86632),
            scale = 1,
        },
        ["f-24617"] = {
            hash = 1,
            id = "trim_v1_top_plain",
            cframe = CFrame.new(422.768,23.5834,-856.967,6.09159e-05,0.707154,0.70706,1,3.21865e-05,-0.000118703,-0.000106841,0.70706,-0.707154),
            scale = 1,
        },
        ["f-22123"] = {
            hash = 1,
            id = "bird_bath",
            cframe = CFrame.new(489.803,31.5848,-885.527,0.7072,-0.707013,-4.07696e-05,-7.20024e-05,-1.45435e-05,-1,0.707013,0.707201,-6.12736e-05),
            scale = 1,
        },
        ["f-22766"] = {
            hash = 1,
            id = "soccer_2024_soap_tray",
            cframe = CFrame.new(491.566,36.4128,-651.391,0.499817,-0.866131,-1.39177e-05,1.39177e-05,2.41399e-05,-1,0.866131,0.499817,2.41399e-05),
            scale = 1,
        },
        ["f-23485"] = {
            hash = 1,
            id = "roof_high_v2_wood",
            cframe = CFrame.new(404.423,29.7395,-759.744,0.500046,-0,-0.865999,0,1,-0,0.865999,0,0.500046),
            scale = 1,
        },
        ["f-22281"] = {
            hash = 1,
            id = "beam_v1_wood",
            cframe = CFrame.new(556.258,22.8,-793.637,0.866052,0,0.499954,0,1,0,-0.499954,0,0.866052),
            scale = 1,
        },
        ["f-23796"] = {
            hash = 1,
            id = "floor_double_brick",
            cframe = CFrame.new(462.701,1.1001,-599.463,0.866007,0,0.500031,0,1,0,-0.500031,0,0.866007),
            scale = 1,
        },
        ["f-24579"] = {
            hash = 1,
            id = "medium_disk",
            cframe = CFrame.new(487.6,15.356,-625.1,0.965885,0,0.258973,0,1,0,-0.258973,0,0.965885),
            scale = 1,
        },
        ["f-23156"] = {
            hash = 1,
            id = "decorativepot",
            cframe = CFrame.new(504.115,27,-602.292,0.866409,0,0.499335,0,1,0,-0.499335,0,0.866409),
            scale = 1,
        },
        ["f-24174"] = {
            hash = 1,
            id = "tinystylishtree",
            cframe = CFrame.new(478.9,12.9778,-624.1,0.499959,0,0.866049,0,1,0,-0.866049,0,0.499959),
            scale = 1,
        },
        ["f-21698"] = {
            hash = 1,
            id = "ropes_horizontalrope_v3",
            cframe = CFrame.new(525.54,16.8402,-819.898,0.717544,-3.24401e-05,0.696513,-3.24401e-05,1,7.99946e-05,-0.696513,-7.99946e-05,0.717544),
            scale = 1,
        },
        ["f-22150"] = {
            hash = 1,
            id = "wall_tall_plain",
            cframe = CFrame.new(502.4,32,-870.922,0,0,-1,0,1,0,1,0,0),
            scale = 1,
        },
        ["f-23077"] = {
            hash = 1,
            id = "wall_wood",
            cframe = CFrame.new(338.402,32.8574,-629.982,0.258339,0,0.966054,0,1,0,-0.966054,0,0.258339),
            scale = 1,
        },
        ["f-21884"] = {
            hash = 1,
            id = "largecandle",
            cframe = CFrame.new(523.905,11.9998,-582.037,0.866007,0,0.500031,0,1,0,-0.500031,0,0.866007),
            scale = 1,
        },
        ["f-22674"] = {
            hash = 1,
            id = "round_wall_v3_plain",
            cframe = CFrame.new(453.763,31.8259,-817.617,-0.707134,0,-0.707079,0,1,0,0.707079,0,-0.707134),
            scale = 1,
        },
        ["f-21861"] = {
            hash = 1,
            id = "halloween_2022_floating_crystal_light",
            cframe = CFrame.new(438.855,10.855,-717.9,-1,0,0,0,1,0,0,0,-1),
            scale = 1,
        },
        ["f-23406"] = {
            hash = 1,
            id = "column_v1_plain",
            cframe = CFrame.new(486.656,11.2,-594.968,0.866007,0,0.500031,0,1,0,-0.500031,0,0.866007),
            scale = 1,
        },
        ["f-21995"] = {
            hash = 1,
            id = "floor_half1_wood",
            cframe = CFrame.new(405.344,21.1001,-754.944,-6.58035e-05,-0.865977,-0.500084,-1,6.57439e-05,1.7643e-05,1.7643e-05,0.500084,-0.865977),
            scale = 1,
        },
        ["f-22449"] = {
            hash = 1,
            id = "wall_short_plain",
            cframe = CFrame.new(452.6,21.9302,-886.8,0.707068,0,0.707146,0,1,0,-0.707146,0,0.707068),
            scale = 1,
        },
        ["f-22234"] = {
            hash = 1,
            id = "beam_v1_plain",
            cframe = CFrame.new(549.979,11.2,-584.307,0.866052,0,0.499954,0,1,0,-0.499954,0,0.866052),
            scale = 1,
        },
        ["f-24477"] = {
            hash = 1,
            id = "beam_v1_plain",
            cframe = CFrame.new(491.596,11.324,-586.378,-0.866052,0,-0.499954,0,1,0,0.499954,0,-0.866052),
            scale = 1,
        },
        ["f-22908"] = {
            hash = 1,
            id = "floor_wood",
            cframe = CFrame.new(339.034,28.1145,-647.593,0.258339,0,0.966054,0,1,0,-0.966054,0,0.258339),
            scale = 1,
        },
        ["f-24084"] = {
            hash = 1,
            id = "medium_disk",
            cframe = CFrame.new(478.4,55.4971,-875.3,-0.866052,-0,-0.499954,0,-1,0,-0.499954,0,0.866052),
            scale = 1,
        },
        ["f-23590"] = {
            hash = 1,
            id = "beam_v1_wood",
            cframe = CFrame.new(506.407,6.09985,-634.2,0.866007,0,0.500031,0,1,0,-0.500031,0,0.866007),
            scale = 1,
        },
        ["f-24446"] = {
            hash = 1,
            id = "star",
            cframe = CFrame.new(430.288,42.7197,-829.101,0.707134,-0,-0.707079,0,1,-0,0.707079,0,0.707134),
            scale = 1,
        },
        ["f-23834"] = {
            hash = 1,
            id = "beam_v1_plain",
            cframe = CFrame.new(476.7,23.1548,-841.2,0.707134,0,0.707079,0,1,0,-0.707079,0,0.707134),
            scale = 1,
        },
        ["f-24550"] = {
            hash = 1,
            id = "school_refresh_2023_book",
            cframe = CFrame.new(398.3,16.5454,-759,0,0,-1,0,1,0,1,0,0),
            scale = 1,
        },
        ["f-24155"] = {
            hash = 1,
            id = "floor_double_wood",
            cframe = CFrame.new(576.188,20.7998,-724.824,-0.258549,0,0.965998,0,1,0,-0.965998,0,-0.258549),
            scale = 1,
        },
        ["f-21793"] = {
            hash = 1,
            id = "floor_double_plain",
            cframe = CFrame.new(528.917,43,-578.481,0.866007,0,0.500031,0,1,0,-0.500031,0,0.866007),
            scale = 1,
        },
        ["f-23179"] = {
            hash = 1,
            id = "barrel",
            cframe = CFrame.new(341.943,33.3595,-654.987,0.966066,-0.258294,-6.72042e-06,6.72042e-06,5.10216e-05,-1,0.258294,0.966066,5.10216e-05),
            scale = 1,
        },
        ["f-21929"] = {
            hash = 1,
            id = "brick",
            cframe = CFrame.new(542.843,13.3769,-578.824,0.866009,0.500029,3.70741e-05,8.0809e-05,-6.58035e-05,-1,-0.500029,0.866009,-9.7394e-05),
            scale = 1,
        },
        ["f-21970"] = {
            hash = 1,
            id = "brick",
            cframe = CFrame.new(419.158,12.5189,-733.436,0.321409,-0.866024,0.383013,0.766033,1.00136e-05,-0.642802,0.556678,0.500003,0.663406),
            scale = 1,
        },
        ["f-21820"] = {
            hash = 1,
            id = "medium_disk",
            cframe = CFrame.new(482.841,53.9259,-859.587,0.707134,-0,-0.707079,0,1,-0,0.707079,0,0.707134),
            scale = 1,
        },
        ["f-23261"] = {
            hash = 1,
            id = "roof_high_v2_wood",
            cframe = CFrame.new(519.51,52.5969,-568.79,-0.500046,0,0.865999,0,1,0,-0.865999,0,-0.500046),
            scale = 1,
        },
        ["f-22383"] = {
            hash = 1,
            id = "barrel",
            cframe = CFrame.new(336.328,33.3592,-656.488,0.966066,-0.258294,-6.72042e-06,6.72042e-06,5.10216e-05,-1,0.258294,0.966066,5.10216e-05),
            scale = 1,
        },
        ["f-21925"] = {
            hash = 1,
            id = "floor_plain",
            cframe = CFrame.new(480.801,26.3,-615.601,0,0,-1,0,1,0,1,0,0),
            scale = 1,
        },
        ["f-22780"] = {
            hash = 1,
            id = "cheapbathtub",
            cframe = CFrame.new(460.699,22.3396,-829.899,0.707134,-0,-0.707079,0,1,-0,0.707079,0,0.707134),
            scale = 1,
        },
        ["f-22104"] = {
            hash = 1,
            id = "flatbook",
            cframe = CFrame.new(528.1,18.7434,-569.5,0.500046,0,0.865999,0,1,0,-0.865999,0,0.500046),
            scale = 1,
        },
        ["f-23918"] = {
            hash = 1,
            id = "brick",
            cframe = CFrame.new(425.922,42.0491,-831.817,0.707068,0,0.707146,0,1,0,-0.707146,0,0.707068),
            scale = 1,
        },
        ["f-22318"] = {
            hash = 1,
            id = "archway_plain",
            cframe = CFrame.new(452.213,37.5823,-844.853,0.707068,0,0.707146,0,1,0,-0.707146,0,0.707068),
            scale = 1,
        },
        ["f-22372"] = {
            hash = 1,
            id = "mediumcandle",
            cframe = CFrame.new(534.301,15.4326,-592.1,0.866007,0,0.500031,0,1,0,-0.500031,0,0.866007),
            scale = 1,
        },
        ["f-23084"] = {
            hash = 1,
            id = "beam_v1_plain",
            cframe = CFrame.new(486.661,11.324,-594.926,-0.866052,0,-0.499954,0,1,0,0.499954,0,-0.866052),
            scale = 1,
        },
        ["f-22635"] = {
            hash = 1,
            id = "wall_brick",
            cframe = CFrame.new(493.023,1.25625,-559.578,0.866007,0,0.500031,0,1,0,-0.500031,0,0.866007),
            scale = 1,
        },
        ["f-23076"] = {
            hash = 1,
            id = "medium_disk",
            cframe = CFrame.new(487.6,14.8669,-625.1,0.965907,0,0.258889,0,1,0,-0.258889,0,0.965907),
            scale = 1,
        },
        ["f-23009"] = {
            hash = 1,
            id = "wall_tall_plain",
            cframe = CFrame.new(420.8,21.9202,-847.2,0.707134,-0,-0.707079,0,1,-0,0.707079,0,0.707134),
            scale = 1,
        },
        ["f-21685"] = {
            hash = 1,
            id = "scary_2021_squat_potion_mushroom",
            cframe = CFrame.new(489.418,12.8645,-628.679,0.866007,0,0.500031,0,1,0,-0.500031,0,0.866007),
            scale = 1,
        },
        ["f-22310"] = {
            hash = 1,
            id = "wall_plain",
            cframe = CFrame.new(480.749,35.5515,-646.701,0.499614,-0,-0.866248,0,1,-0,0.866248,0,0.499614),
