return {
    furniture = {
        ["f-24343"] = {
            hash = 2,
            colors = {
                [1] = Color3.new(0.639216,0.635294,0.647059),
            },
            id = "basicceilinglight",
            cframe = CFrame.new(489.042,35,-852.543,0.499873,-0.707241,-0.499936,0.707155,5.30481e-06,0.707058,-0.500058,-0.706972,0.500132),
            on = true,
            scale = 1,
        },
        ["f-23871"] = {
            hash = 2,
            colors = {
                [1] = Color3.new(0.768627,0.156863,0.109804),
            },
            id = "sphere_v3_plain",
            cframe = CFrame.new(484.709,30.4971,-641.364,0.866275,0,0.499567,0,1,0,-0.499567,0,0.866275),
            scale = 0.05,
        },
        ["f-23584"] = {
            hash = 2,
            colors = {
                [1] = Color3.new(0.639216,0.635294,0.647059),
            },
            id = "floor_double_plain",
            cframe = CFrame.new(501.406,10.2,-609.687,0.866007,0,0.500031,0,1,0,-0.500031,0,0.866007),
            scale = 1,
        },
        ["f-24236"] = {
            hash = 2,
            colors = {
                [1] = Color3.new(0.0666667,0.0666667,0.0666667),
            },
            id = "wall_short_glass",
            cframe = CFrame.new(459.377,47.5823,-851.677,0.707068,0,0.707146,0,1,0,-0.707146,0,0.707068),
            scale = 1,
        },
        ["f-22821"] = {
            hash = 2,
            colors = {
                [1] = Color3.new(0.945098,0.905882,0.780392),
            },
            id = "smallbottle",
            cframe = CFrame.new(546.3,37.3392,-586.2,0.866141,0,0.499799,0,1,0,-0.499799,0,0.866141),
            scale = 1,
        },
        ["f-22983"] = {
            hash = 2,
            colors = {
                [1] = Color3.new(0.411765,0.25098,0.156863),
            },
            id = "beam_v1_wood",
            cframe = CFrame.new(354.823,24.4973,-650.726,-0.258275,-0.966072,5.1856e-05,5.1856e-05,-6.74725e-05,-1,0.966072,-0.258275,6.75321e-05),
            scale = 1,
        },
        ["f-24867"] = {
            hash = 2,
            colors = {
                [1] = Color3.new(0.827451,0.745098,0.588235),
            },
            id = "roof_low_v1_wood",
            cframe = CFrame.new(355.6,25.0007,-636.639,-0.258339,0,-0.966054,0,1,0,0.966054,0,-0.258339),
            scale = 1,
        },
        ["f-24372"] = {
            hash = 2,
            colors = {
                [1] = Color3.new(0.482353,0.713726,0.909804),
            },
            id = "brick",
            cframe = CFrame.new(515.405,30.4999,-564.109,0.000552714,-0.499267,0.866448,-1,-2.98023e-06,0.00063625,-0.0003151,-0.866448,-0.499267),
            scale = 0.66,
        },
        ["f-22366"] = {
            hash = 2,
            colors = {
                [1] = Color3.new(1,1,1),
                [2] = Color3.new(0.105882,0.164706,0.207843),
                [3] = Color3.new(0.87451,0.87451,0.870588),
            },
            id = "influencer_2022_ergonomic_chair",
            cframe = CFrame.new(544.325,11.2,-582.016,-0.500046,0,0.865999,0,1,0,-0.865999,0,-0.500046),
            scale = 1,
        },
        ["f-22185"] = {
            hash = 2,
            colors = {
                [1] = Color3.new(1,1,1),
            },
            id = "wall_short_wood",
            cframe = CFrame.new(322.3,22.8989,-643.7,0.258339,0,0.966054,0,1,0,-0.966054,0,0.258339),
            scale = 1.03,
        },
        ["f-22421"] = {
            hash = 2,
            colors = {
                [1] = Color3.new(0.337255,0.258824,0.211765),
            },
            id = "wall_short_wood",
            cframe = CFrame.new(507,11.2,-575.7,0.258864,0,0.965914,0,1,0,-0.965914,0,0.258864),
            scale = 1,
        },
        ["f-23715"] = {
            hash = 2,
            colors = {
                [1] = Color3.new(1,1,1),
            },
            id = "archway_rounded_plain",
            cframe = CFrame.new(531.034,30.9001,-557.594,-0.866141,0,-0.499799,0,1,0,0.499799,0,-0.866141),
            scale = 1,
        },
        ["f-21644"] = {
            hash = 2,
            colors = {
                [1] = Color3.new(0.639216,0.635294,0.647059),
            },
            id = "floor_long1_plain",
            cframe = CFrame.new(438.486,10.1562,-602.238,-0.500046,0,0.865999,0,1,0,-0.865999,0,-0.500046),
            scale = 1,
        },
        ["f-22288"] = {
            hash = 2,
            colors = {
                [1] = Color3.new(0.0666667,0.0666667,0.0666667),
            },
            id = "wall_short_glass",
            cframe = CFrame.new(452.432,47.5823,-858.622,0.707068,0,0.707146,0,1,0,-0.707146,0,0.707068),
            scale = 1,
        },
        ["f-23383"] = {
            hash = 2,
            colors = {
                [1] = Color3.new(0.384314,0.486275,0.384314),
                [2] = Color3.new(0.337255,0.258824,0.211765),
                [3] = Color3.new(0.541176,0.4,0.305882),
            },
            id = "small_island_tree",
            cframe = CFrame.new(499.5,11.0461,-554.6,-0.7072,0,-0.707013,0,1,0,0.707013,0,-0.7072),
            scale = 1.22,
        },
        ["f-22599"] = {
            hash = 2,
            colors = {
                [1] = Color3.new(0.639216,0.635294,0.647059),
            },
            id = "wall_tall_glass",
            cframe = CFrame.new(664.424,50.8013,-768.147,-0.499959,0,0.866049,0,1,0,-0.866049,0,-0.499959),
            scale = 1.4,
        },
        ["f-22705"] = {
            hash = 2,
            colors = {
                [1] = Color3.new(0.972549,0.972549,0.972549),
            },
            id = "glass",
            cframe = CFrame.new(488.035,30.2576,-604.182,0.866007,0,0.500031,0,1,0,-0.500031,0,0.866007),
            scale = 1,
        },
        ["f-23412"] = {
            hash = 2,
            colors = {
                [1] = Color3.new(0.364706,0.364706,0.364706),
            },
            id = "floor_long1_plain",
            cframe = CFrame.new(443.798,36.5002,-870.616,0.707134,-0,-0.707079,0,1,-0,0.707079,0,0.707134),
            scale = 1,
        },
        ["f-21655"] = {
            hash = 2,
            colors = {
                [1] = Color3.new(0.631373,0.647059,0.635294),
            },
            id = "wall_brick",
            cframe = CFrame.new(494.015,1.40015,-567.059,-0.500046,0,0.865999,0,1,0,-0.865999,0,-0.500046),
            scale = 1,
        },
        ["f-22957"] = {
            hash = 2,
            colors = {
                [1] = Color3.new(0.631373,0.647059,0.635294),
            },
            id = "wall_brick",
            cframe = CFrame.new(494.314,1.4001,-566.54,-0.500046,0,0.865999,0,1,0,-0.865999,0,-0.500046),
            scale = 1,
        },
        ["f-22052"] = {
            hash = 2,
            colors = {
                [1] = Color3.new(1,1,1),
            },
            id = "wall_tall_plain",
            cframe = CFrame.new(514.9,33.791,-644.5,-0.499959,0,0.866049,0,1,0,-0.866049,0,-0.499959),
            scale = 0.49,
        },
        ["f-23476"] = {
            hash = 2,
            colors = {
                [1] = Color3.new(0.411765,0.25098,0.156863),
            },
            id = "beam_v1_wood",
            cframe = CFrame.new(409.446,5.2456,-767.7,0.866007,0,0.500031,0,1,0,-0.500031,0,0.866007),
            scale = 1,
        },
        ["f-23967"] = {
            hash = 2,
            colors = {
                [1] = Color3.new(0.533333,0.243137,0.243137),
            },
            id = "trim_v1_bottom_glass",
            cframe = CFrame.new(507.132,30.3999,-644.129,-0.514783,0.857321,-4.31836e-05,6.30915e-05,-1.26362e-05,-1,-0.857321,-0.514783,-4.78029e-05),
            scale = 1,
        },
        ["f-23293"] = {
            hash = 2,
            colors = {
                [1] = Color3.new(0.882353,0.643137,0.760784),
            },
            id = "beanbag",
            cframe = CFrame.new(461.5,11.4131,-579.1,-0.9662,0,0.257796,0,1,0,-0.257796,0,-0.9662),
            scale = 1.17,
        },
        ["f-24102"] = {
            hash = 2,
            colors = {
                [1] = Color3.new(0.972549,0.85098,0.427451),
                [2] = Color3.new(1,1,1),
                [3] = Color3.new(1,1,1),
            },
            id = "beach_2023_surf_board_shelf",
            cframe = CFrame.new(381.6,11.105,-687.4,-1,0,0,0,1,0,0,0,-1),
            scale = 0.79,
        },
        ["f-24600"] = {
            hash = 2,
            colors = {
                [1] = Color3.new(0.768627,0.156863,0.109804),
                [2] = Color3.new(0.337255,0.258824,0.211765),
                [3] = Color3.new(0.423529,0.345098,0.294118),
                [4] = Color3.new(0.486275,0.360784,0.27451),
            },
            id = "tinystylishtree",
            cframe = CFrame.new(478.683,12.9087,-624.644,0.866007,0,0.500031,0,1,0,-0.500031,0,0.866007),
            scale = 0.72,
        },
        ["f-22157"] = {
            hash = 2,
            colors = {
                [1] = Color3.new(1,1,1),
            },
            id = "wall_tall_plain",
            cframe = CFrame.new(546.6,27.5251,-584.9,-0.866141,0,-0.499799,0,1,0,0.499799,0,-0.866141),
            scale = 0.55,
        },
        ["f-23903"] = {
            hash = 2,
            colors = {
                [1] = Color3.new(0.972549,0.972549,0.972549),
            },
            id = "glass",
            cframe = CFrame.new(339.3,14.1145,-640.6,0.966065,-0,-0.2583,0,1,-0,0.2583,0,0.966065),
            scale = 1,
        },
        ["f-22744"] = {
            hash = 2,
            colors = {
                [1] = Color3.new(0.945098,0.905882,0.780392),
                [2] = Color3.new(0.972549,0.972549,0.972549),
            },
            id = "cheapcounter",
            cframe = CFrame.new(414.327,15.5454,-755.681,-0.866007,0,-0.500031,0,1,0,0.500031,0,-0.866007),
            scale = 1,
        },
        ["f-24546"] = {
            hash = 2,
            colors = {
                [1] = Color3.new(1,1,1),
            },
            id = "beam_v3_plain",
            cframe = CFrame.new(482.6,44.6003,-897,0.707134,-0,-0.707079,0,1,-0,0.707079,0,0.707134),
            scale = 1,
        },
        ["f-24592"] = {
            hash = 2,
            colors = {
                [1] = Color3.new(1,1,1),
            },
            id = "brick",
            cframe = CFrame.new(467.6,27.3,-639.3,0.866141,0,0.499799,0,1,0,-0.499799,0,0.866141),
            scale = 1,
        },
        ["f-22799"] = {
            hash = 2,
            colors = {
                [1] = Color3.new(1,1,1),
            },
            id = "beam_v1_plain",
            cframe = CFrame.new(525.861,11.1001,-555.718,0.866052,0,0.499954,0,1,0,-0.499954,0,0.866052),
            scale = 1,
        },
        ["f-23852"] = {
            hash = 2,
            colors = {
                [1] = Color3.new(1,1,1),
            },
            id = "wall_tall_plain",
            cframe = CFrame.new(489.699,7.19995,-617.399,-0.258864,0,0.965914,0,1,0,-0.965914,0,-0.258864),
            scale = 1,
        },
        ["f-23626"] = {
            hash = 2,
            colors = {
                [1] = Color3.new(0.364706,0.364706,0.364706),
            },
            id = "floor_double_plain",
            cframe = CFrame.new(435.39,36.5823,-831.193,0.707134,-0,-0.707079,0,1,-0,0.707079,0,0.707134),
            scale = 1,
        },
        ["f-23089"] = {
            hash = 2,
            colors = {
                [1] = Color3.new(0.0666667,0.0666667,0.0666667),
            },
            id = "stairs_curved_v1_reverse_plain",
            cframe = CFrame.new(514.6,21.1999,-625.4,-0.96593,0,0.258805,0,1,0,-0.258805,0,-0.96593),
            scale = 1,
        },
        ["f-23498"] = {
            hash = 2,
            colors = {
                [1] = Color3.new(0.945098,0.905882,0.780392),
                [2] = Color3.new(0.639216,0.635294,0.647059),
            },
            id = "ropes_horizontalfairylights_v3",
            cframe = CFrame.new(548.534,28.3992,-808.484,-0.500132,0,0.865949,0,1,0,-0.865949,0,-0.500132),
            scale = 1.8,
        },
        ["f-24794"] = {
            hash = 2,
            colors = {
                [1] = Color3.new(0.317647,0.301961,0.313726),
                [2] = Color3.new(0.345098,0.47451,0.776471),
                [3] = Color3.new(0.356863,0.364706,0.411765),
                [4] = Color3.new(0.372549,0.639216,0.333333),
                [5] = Color3.new(0.419608,0.4,0.415686),
                [6] = Color3.new(0.458824,0.109804,0.109804),
                [7] = Color3.new(0.647059,0.156863,0.156863),
                [8] = Color3.new(0.647059,0.156863,0.156863),
            },
            id = "bird_bath",
            cframe = CFrame.new(489.802,28.3864,-885.527,0.7072,-0.707013,-4.07696e-05,-7.20024e-05,-1.45435e-05,-1,0.707013,0.707201,-6.12736e-05),
            scale = 1,
        },
        ["f-24764"] = {
            hash = 2,
            colors = {
                [1] = Color3.new(0.972549,0.972549,0.972549),
            },
            id = "glass",
            cframe = CFrame.new(333,32.063,-638.7,0.966065,-0,-0.2583,0,1,-0,0.2583,0,0.966065),
            scale = 1,
        },
        ["f-21871"] = {
            hash = 2,
            colors = {
                [1] = Color3.new(0.172549,0.396078,0.113725),
                [2] = Color3.new(0.337255,0.258824,0.211765),
                [3] = Color3.new(0.541176,0.4,0.305882),
            },
            id = "small_island_tree",
            cframe = CFrame.new(505,12.9502,-717,0,0,-1,0,1,0,1,0,0),
            scale = 2.9,
        },
        ["f-24290"] = {
            hash = 2,
            colors = {
                [1] = Color3.new(0.105882,0.164706,0.207843),
                [2] = Color3.new(0.172549,0.396078,0.113725),
                [3] = Color3.new(0.203922,0.556863,0.25098),
                [4] = Color3.new(0.937255,0.721569,0.219608),
                [5] = Color3.new(0.960784,0.803922,0.188235),
                [6] = Color3.new(0.972549,0.972549,0.972549),
                [7] = Color3.new(0.972549,0.972549,0.972549),
                [8] = Color3.new(1,1,1),
            },
            id = "moneytree",
            cframe = CFrame.new(411,10.6611,-701.7,0.866007,0,0.500031,0,1,0,-0.500031,0,0.866007),
            scale = 1.68,
        },
        ["f-21746"] = {
            hash = 2,
            colors = {
                [1] = Color3.new(0.337255,0.258824,0.211765),
            },
            id = "wall_short_wood",
            cframe = CFrame.new(519.046,11.2,-638.105,-0.499959,0,0.866049,0,1,0,-0.866049,0,-0.499959),
            scale = 1,
        },
        ["f-24403"] = {
            hash = 2,
            colors = {
                [1] = Color3.new(0.631373,0.647059,0.635294),
            },
            id = "stairs_v2_stone",
            cframe = CFrame.new(448.801,8.75635,-600.101,-0.866007,0,-0.500031,0,1,0,0.500031,0,-0.866007),
            scale = 1,
        },
        ["f-23594"] = {
            hash = 2,
            colors = {
                [1] = Color3.new(0.972549,0.972549,0.972549),
            },
            id = "glass",
            cframe = CFrame.new(430.966,25.4873,-861.766,0.707134,-0,-0.707079,0,1,-0,0.707079,0,0.707134),
            scale = 1,
        },
        ["f-22429"] = {
            hash = 2,
            colors = {
                [1] = Color3.new(0.631373,0.647059,0.635294),
            },
            id = "wall_brick",
            cframe = CFrame.new(452.962,1.2001,-553.326,-0.500046,0,0.865999,0,1,0,-0.865999,0,-0.500046),
            scale = 1,
        },
        ["f-24173"] = {
            hash = 2,
            colors = {
                [1] = Color3.new(0.364706,0.364706,0.364706),
            },
            id = "wall_double_brick",
            cframe = CFrame.new(625.975,11,-673.977,-0.707134,0,0.707079,0,1,0,-0.707079,0,-0.707134),
            scale = 1,
        },
        ["f-23652"] = {
            hash = 2,
            colors = {
                [1] = Color3.new(0.784314,0.784314,0.784314),
            },
            id = "medium_disk",
            cframe = CFrame.new(482.9,21.9202,-859.6,0.707134,-0,-0.707079,0,1,-0,0.707079,0,0.707134),
            scale = 1,
        },
        ["f-23053"] = {
            hash = 2,
            colors = {
                [1] = Color3.new(1,1,1),
            },
            id = "brick",
            cframe = CFrame.new(407.663,15.9197,-731.551,0.321409,-0.866024,0.383013,0.766033,1.00136e-05,-0.642802,0.556678,0.500003,0.663406),
            scale = 1,
        },
        ["f-22969"] = {
            hash = 2,
            colors = {
                [1] = Color3.new(1,1,1),
            },
            id = "wall_wood",
            cframe = CFrame.new(330.871,33.1226,-657.421,0.966065,-0,-0.2583,0,1,-0,0.2583,0,0.966065),
            scale = 1,
        },
        ["f-23842"] = {
            hash = 2,
            colors = {
                [1] = Color3.new(1,1,1),
            },
            id = "beam_v1_plain",
            cframe = CFrame.new(516.585,21,-550.28,0.866052,0,0.499954,0,1,0,-0.499954,0,0.866052),
            scale = 1,
        },
        ["f-22379"] = {
            hash = 2,
            colors = {
                [1] = Color3.new(0.623529,0.631373,0.67451),
            },
            id = "cashregister",
            cframe = CFrame.new(538.9,15.2,-584.4,0.866007,0,0.500031,0,1,0,-0.500031,0,0.866007),
            scale = 1,
        },
        ["f-24078"] = {
            hash = 2,
            colors = {
                [1] = Color3.new(1,1,1),
            },
            id = "wall_tall_plain",
            cframe = CFrame.new(420.8,35.2202,-847.2,0.707134,-0,-0.707079,0,1,-0,0.707079,0,0.707134),
            scale = 1,
        },
        ["f-22737"] = {
            hash = 2,
            colors = {
                [1] = Color3.new(1,1,1),
            },
            id = "ropes_verticalstring_v3",
            cframe = CFrame.new(460.788,25.6001,-848.321,0.707014,0.7072,-0.000192761,-0.000145525,-0.000126958,-1,-0.7072,0.707014,1.3113e-05),
            scale = 1.04,
        },
        ["f-21816"] = {
            hash = 2,
            colors = {
                [1] = Color3.new(0.0666667,0.0666667,0.0666667),
            },
            id = "beam_v3_plain",
            cframe = CFrame.new(517.582,9.50391,-811.96,0.717544,0,0.696513,0,1,0,-0.696513,0,0.717544),
            scale = 1,
        },
        ["f-22975"] = {
            hash = 2,
            colors = {
                [1] = Color3.new(0.337255,0.258824,0.211765),
            },
            id = "triangle_frame_tall_v3_wood",
            cframe = CFrame.new(503.744,11.2,-639.698,0.866007,0,0.500031,0,1,0,-0.500031,0,0.866007),
            scale = 1,
        },
        ["f-24277"] = {
            hash = 2,
            colors = {
                [1] = Color3.new(0.486275,0.360784,0.27451),
            },
            id = "foldupchair",
            cframe = CFrame.new(347.5,13.1145,-616.7,-0.258864,0,-0.965914,0,1,0,0.965914,0,-0.258864),
            scale = 1,
        },
        ["f-23639"] = {
            hash = 2,
            colors = {
                [1] = Color3.new(0.0666667,0.0666667,0.0666667),
            },
            id = "roof_high_v2_wood",
            cframe = CFrame.new(550.684,43.1001,-583.831,0.500046,-0,-0.865999,0,1,-0,0.865999,0,0.500046),
            scale = 1,
        },
        ["f-23468"] = {
            hash = 2,
            colors = {
                [1] = Color3.new(0.337255,0.258824,0.211765),
            },
            id = "wall_short_wood",
            cframe = CFrame.new(508.424,11.2,-564.851,-0.500046,0,0.865999,0,1,0,-0.865999,0,-0.500046),
            scale = 1,
        },
        ["f-23190"] = {
            hash = 2,
            colors = {
                [1] = Color3.new(1,1,1),
            },
            id = "beam_v3_plain",
            cframe = CFrame.new(484.3,44.7003,-855.7,0.707134,-0,-0.707079,0,1,-0,0.707079,0,0.707134),
            scale = 1,
        },
        ["f-22123"] = {
            hash = 2,
            colors = {
                [1] = Color3.new(0.317647,0.301961,0.313726),
                [2] = Color3.new(0.345098,0.47451,0.776471),
                [3] = Color3.new(0.356863,0.364706,0.411765),
                [4] = Color3.new(0.372549,0.639216,0.333333),
                [5] = Color3.new(0.419608,0.4,0.415686),
                [6] = Color3.new(0.458824,0.109804,0.109804),
                [7] = Color3.new(0.647059,0.156863,0.156863),
                [8] = Color3.new(0.647059,0.156863,0.156863),
            },
            id = "bird_bath",
            cframe = CFrame.new(489.803,31.5848,-885.527,0.7072,-0.707013,-4.07696e-05,-7.20024e-05,-1.45435e-05,-1,0.707013,0.707201,-6.12736e-05),
            scale = 1,
        },
        ["f-24632"] = {
            hash = 2,
            colors = {
                [1] = Color3.new(1,1,1),
            },
            id = "wall_short_plain",
            cframe = CFrame.new(422.246,51.6182,-857.247,0.707068,0,0.707146,0,1,0,-0.707146,0,0.707068),
            scale = 1,
        },
        ["f-23485"] = {
            hash = 2,
            colors = {
                [1] = Color3.new(0.411765,0.25098,0.156863),
            },
            id = "roof_high_v2_wood",
            cframe = CFrame.new(404.423,29.7395,-759.744,0.500046,-0,-0.865999,0,1,-0,0.865999,0,0.500046),
            scale = 1,
        },
        ["f-24599"] = {
            hash = 2,
            colors = {
                [1] = Color3.new(0.411765,0.25098,0.156863),
            },
            id = "floor_wood",
            cframe = CFrame.new(390.941,14.5454,-752.381,0.866007,0,0.500031,0,1,0,-0.500031,0,0.866007),
            scale = 1,
        },
        ["f-23156"] = {
            hash = 2,
            colors = {
                [1] = Color3.new(0.905882,0.905882,0.92549),
            },
            id = "decorativepot",
            cframe = CFrame.new(504.115,27,-602.292,0.866409,0,0.499335,0,1,0,-0.499335,0,0.866409),
            scale = 1.6,
        },
        ["f-22150"] = {
            hash = 2,
            colors = {
                [1] = Color3.new(1,1,1),
            },
            id = "wall_tall_plain",
            cframe = CFrame.new(502.4,32,-870.922,0,0,-1,0,1,0,1,0,0),
            scale = 1,
        },
        ["f-22449"] = {
            hash = 2,
            colors = {
                [1] = Color3.new(1,1,1),
            },
            id = "wall_short_plain",
            cframe = CFrame.new(452.6,21.9302,-886.8,0.707068,0,0.707146,0,1,0,-0.707146,0,0.707068),
            scale = 1,
        },
        ["f-24477"] = {
            hash = 2,
            colors = {
                [1] = Color3.new(1,1,1),
            },
            id = "beam_v1_plain",
            cframe = CFrame.new(491.596,11.324,-586.378,-0.866052,0,-0.499954,0,1,0,0.499954,0,-0.866052),
            scale = 1,
        },
        ["f-23834"] = {
            hash = 2,
            colors = {
                [1] = Color3.new(1,1,1),
            },
            id = "beam_v1_plain",
            cframe = CFrame.new(476.7,23.1548,-841.2,0.707134,0,0.707079,0,1,0,-0.707079,0,0.707134),
            scale = 0.89,
        },
        ["f-24550"] = {
            hash = 2,
            colors = {
                [1] = Color3.new(0.945098,0.905882,0.780392),
                [2] = Color3.new(1,1,1),
            },
            id = "school_refresh_2023_book",
            cframe = CFrame.new(398.3,16.5454,-759,0,0,-1,0,1,0,1,0,0),
            scale = 1,
        },
        ["f-21793"] = {
            hash = 2,
            colors = {
                [1] = Color3.new(1,1,1),
            },
            id = "floor_double_plain",
            cframe = CFrame.new(528.917,43,-578.481,0.866007,0,0.500031,0,1,0,-0.500031,0,0.866007),
            scale = 1,
        },
        ["f-22855"] = {
            hash = 2,
            colors = {
                [1] = Color3.new(0.945098,0.905882,0.780392),
            },
            id = "choppingboard",
            cframe = CFrame.new(515.134,29.6491,-558.417,-0.499767,0.653686,0.568267,-3.96371e-06,0.656075,-0.754696,-0.86616,-0.377174,-0.327882),
            scale = 1,
        },
        ["f-21670"] = {
            hash = 2,
            colors = {
                [1] = Color3.new(0.105882,0.164706,0.207843),
            },
            id = "wedge_tall_v3_plain",
            cframe = CFrame.new(545.715,29.5056,-569.473,0.867167,0,0.498018,0,1,0,-0.498018,0,0.867167),
            scale = 0.39,
        },
        ["f-23261"] = {
            hash = 2,
            colors = {
                [1] = Color3.new(0.0666667,0.0666667,0.0666667),
            },
            id = "roof_high_v2_wood",
            cframe = CFrame.new(519.51,52.5969,-568.79,-0.500046,0,0.865999,0,1,0,-0.865999,0,-0.500046),
            scale = 1,
        },
        ["f-22780"] = {
            hash = 2,
            colors = {
                [1] = Color3.new(0.541176,0.670588,0.521569),
                [2] = Color3.new(0.345098,0.47451,0.776471),
                [3] = Color3.new(0.972549,0.972549,0.972549),
                [4] = Color3.new(1,1,1),
            },
            id = "cheapbathtub",
            cframe = CFrame.new(460.699,22.3396,-829.899,0.707134,-0,-0.707079,0,1,-0,0.707079,0,0.707134),
            scale = 0.73,
        },
        ["f-22564"] = {
            hash = 2,
            colors = {
                [1] = Color3.new(1,1,1),
            },
            id = "smallbottle",
            cframe = CFrame.new(502.7,23.0298,-637.9,0.866007,0,0.500031,0,1,0,-0.500031,0,0.866007),
            scale = 1,
        },
        ["f-23249"] = {
            hash = 2,
            colors = {
                [1] = Color3.new(0.0666667,0.0666667,0.0666667),
            },
            id = "stairs_curved_v2_plain",
            cframe = CFrame.new(493.699,31.2932,-876.9,0.866007,-0,-0.500031,0,1,-0,0.500031,0,0.866007),
            scale = 1,
        },
        ["f-21633"] = {
            hash = 2,
            colors = {
                [1] = Color3.new(1,1,1),
            },
            id = "ropes_horizontalrope_v2",
            cframe = CFrame.new(396.949,23.5471,-822.924,0.499959,0,0.866049,0,1,0,-0.866049,0,0.499959),
            scale = 1,
        },
        ["f-23536"] = {
            hash = 2,
            colors = {
                [1] = Color3.new(1,1,1),
            },
            id = "ropes_verticalrope_v3",
            cframe = CFrame.new(465.194,60.7454,-842.586,0.70706,-0.707153,-3.32892e-05,-3.32892e-05,-8.03471e-05,1,-0.707153,-0.70706,-8.03471e-05),
            scale = 1,
        },
        ["f-24064"] = {
            hash = 2,
            colors = {
                [1] = Color3.new(0.945098,0.905882,0.780392),
                [2] = Color3.new(0.694118,0.898039,0.65098),
                [3] = Color3.new(1,1,1),
                [4] = Color3.new(0.803922,0.384314,0.596078),
                [5] = Color3.new(0.972549,0.972549,0.972549),
            },
            id = "blender",
            cframe = CFrame.new(514.317,16.2297,-640.183,0.866007,0,0.500031,0,1,0,-0.500031,0,0.866007),
            scale = 1,
        },
        ["f-21873"] = {
            hash = 2,
            colors = {
                [1] = Color3.new(1,1,1),
            },
            id = "beam_v3_plain",
            cframe = CFrame.new(453.476,26.5073,-839.739,0.707134,-0,-0.707079,0,1,-0,0.707079,0,0.707134),
            scale = 1,
        },
        ["f-24328"] = {
            hash = 2,
            colors = {
                [1] = Color3.new(0.0666667,0.0666667,0.0666667),
            },
            id = "smallbottle",
            cframe = CFrame.new(474.944,28.3999,-625.376,-1.09673e-05,0.866135,0.49981,-1,-4.25577e-05,5.17964e-05,6.61463e-05,-0.49981,0.866135),
            scale = 1,
        },
        ["f-24662"] = {
            hash = 2,
            colors = {
                [1] = Color3.new(0.294118,0.603922,0.196078),
                [2] = Color3.new(0.337255,0.258824,0.211765),
                [3] = Color3.new(0.486275,0.360784,0.27451),
            },
            id = "tinycurvedtree",
            cframe = CFrame.new(480.857,25.1733,-853.811,0.866007,-0,-0.500031,0,1,-0,0.500031,0,0.866007),
            scale = 1,
        },
        ["f-23671"] = {
            hash = 2,
            colors = {
                [1] = Color3.new(0.713726,0.572549,0.423529),
            },
            id = "mound",
            cframe = CFrame.new(463,10,-786,-0.258864,0,0.965914,0,1,0,-0.965914,0,-0.258864),
            scale = 3,
        },
        ["f-22867"] = {
            hash = 2,
            colors = {
                [1] = Color3.new(0.603922,0.988235,0.996078),
            },
            id = "soccer_2024_shampoo_bottle",
            cframe = CFrame.new(513,35.4746,-573.7,0.865829,-6.10181e-05,0.500341,0.000105734,1,-6.10181e-05,-0.500341,0.000105734,0.865829),
            scale = 1,
        },
        ["f-23797"] = {
            hash = 2,
            colors = {
                [1] = Color3.new(0.745098,0.737255,0.737255),
            },
            id = "choppingboard",
            cframe = CFrame.new(472.731,26.1101,-901.91,0.96593,0,0.258805,0,1,0,-0.258805,0,0.96593),
            scale = 1,
        },
        ["f-24380"] = {
            hash = 2,
            colors = {
                [1] = Color3.new(1,1,1),
            },
            id = "wall_short_plain",
            cframe = CFrame.new(463.737,41.781,-898.742,0.707068,0,0.707146,0,1,0,-0.707146,0,0.707068),
            scale = 1,
        },
        ["f-24345"] = {
            hash = 2,
            colors = {
                [1] = Color3.new(0.239216,0.203922,0.176471),
                [2] = Color3.new(0.945098,0.905882,0.780392),
                [3] = Color3.new(0.945098,0.905882,0.780392),
                [4] = Color3.new(0.0666667,0.0666667,0.0666667),
                [5] = Color3.new(0.929412,0.917647,0.917647),
                [6] = Color3.new(1,1,1),
            },
            id = "jasmine_tea_kettle",
            cframe = CFrame.new(433.2,23.9197,-826.4,-0.707069,0,-0.707146,0,1,0,0.707146,0,-0.707069),
            scale = 1,
        },
        ["f-21766"] = {
            hash = 2,
            colors = {
                [1] = Color3.new(1,1,1),
            },
            id = "wall_plain",
            cframe = CFrame.new(436.013,46.5181,-870.764,0.707068,0,0.707146,0,1,0,-0.707146,0,0.707068),
            scale = 1,
        },
        ["f-24474"] = {
            hash = 2,
            colors = {
                [1] = Color3.new(0.945098,0.905882,0.780392),
                [2] = Color3.new(0.705882,0.823529,0.894118),
                [3] = Color3.new(0.972549,0.972549,0.972549),
            },
            id = "stylishsinkcounter",
            cframe = CFrame.new(437.6,37.5002,-869.4,-0.707069,0,-0.707146,0,1,0,0.707146,0,-0.707069),
            scale = 1,
        },
        ["f-23411"] = {
            hash = 2,
            colors = {
                [1] = Color3.new(1,1,1),
            },
            id = "beam_v1_plain",
            cframe = CFrame.new(430.362,66.7509,-859.294,-0.681974,3.44222e-05,-0.731377,3.44222e-05,-1,-7.91619e-05,-0.731377,-7.91619e-05,0.681974),
            scale = 1,
        },
        ["f-21799"] = {
            hash = 2,
            colors = {
                [1] = Color3.new(0.694118,0.898039,0.65098),
                [2] = Color3.new(0.286275,0.247059,0.227451),
            },
            id = "sleek_chair",
            cframe = CFrame.new(516.769,11.2,-583.88,-0.866007,0,-0.500031,0,1,0,0.500031,0,-0.866007),
            scale = 1,
        },
        ["f-22405"] = {
            hash = 2,
            colors = {
                [1] = Color3.new(0.172549,0.396078,0.113725),
                [2] = Color3.new(0.337255,0.258824,0.211765),
                [3] = Color3.new(0.541176,0.4,0.305882),
            },
            id = "small_island_tree",
            cframe = CFrame.new(507,10.05,-782,0,0,1,0,1,-0,-1,0,0),
            scale = 2.9,
        },
        ["f-23703"] = {
            hash = 2,
            colors = {
                [1] = Color3.new(1,1,1),
            },
            id = "wall_wood",
            cframe = CFrame.new(343.393,32.8574,-648.646,0.258339,0,0.966054,0,1,0,-0.966054,0,0.258339),
            scale = 1,
        },
        ["f-22006"] = {
            hash = 2,
            colors = {
                [1] = Color3.new(0.0666667,0.0666667,0.0666667),
            },
            id = "ropes_verticalrope_v1",
            cframe = CFrame.new(446.504,11.3486,-596.904,6.57439e-05,-0.865977,0.500084,1,6.57439e-05,-1.7643e-05,-1.7643e-05,0.500084,0.865977),
            scale = 1,
        },
        ["f-23489"] = {
            hash = 2,
            colors = {
                [1] = Color3.new(1,1,1),
            },
            id = "beam_v1_plain",
            cframe = CFrame.new(483.966,37.0549,-847.467,0.707134,0,0.707079,0,1,0,-0.707079,0,0.707134),
            scale = 0.89,
        },
        ["f-23188"] = {
            hash = 2,
            colors = {
                [1] = Color3.new(1,1,1),
            },
            id = "beam_v1_plain",
            cframe = CFrame.new(495.9,56.0972,-868.6,-0.866007,0,0.500031,0,1,0,-0.500031,0,-0.866007),
            scale = 1,
        },
        ["f-22135"] = {
            hash = 2,
            colors = {
                [1] = Color3.new(1,1,1),
            },
            id = "wall_short_plain",
            cframe = CFrame.new(532.037,25.572,-579.495,-0.499787,0,0.866148,0,1,0,-0.866148,0,-0.499787),
            scale = 1,
        },
        ["f-23542"] = {
            hash = 2,
            colors = {
                [1] = Color3.new(0.462745,0.462745,0.462745),
            },
            id = "floor_double_plain",
            cframe = CFrame.new(419.313,20.7551,-802.371,0.866007,0,0.500031,0,1,0,-0.500031,0,0.866007),
            scale = 1.11,
        },
        ["f-24360"] = {
            hash = 2,
            colors = {
                [1] = Color3.new(0.0666667,0.0666667,0.0666667),
                [2] = Color3.new(0.972549,0.972549,0.972549),
            },
            id = "flatbook",
            cframe = CFrame.new(490.9,29.6394,-648.9,0,0,-1,0,1,0,1,0,0),
            scale = 0.91,
        },
        ["f-22142"] = {
            hash = 2,
            colors = {
                [1] = Color3.new(0.423529,0.313726,0.239216),
                [2] = Color3.new(0.486275,0.360784,0.27451),
                [3] = Color3.new(0.533333,0.392157,0.301961),
                [4] = Color3.new(0.670588,0.494118,0.376471),
            },
            id = "board_walk_turn",
            cframe = CFrame.new(404,7.5332,-627.999,1,0,0,0,1,0,0,0,1),
            scale = 1.9,
        },
        ["f-22189"] = {
            hash = 2,
            colors = {
                [1] = Color3.new(1,1,1),
            },
            id = "ropes_horizontalrope_v2",
            cframe = CFrame.new(392.203,23.3801,-804.682,-0.258864,0,0.965914,0,1,0,-0.965914,0,-0.258864),
            scale = 0.84,
        },
        ["f-22225"] = {
            hash = 2,
            colors = {
                [1] = Color3.new(1,1,1),
            },
            id = "beam_v1_plain",
            cframe = CFrame.new(484.24,66.2971,-903.241,-0.707134,0,-0.707079,0,1,0,0.707079,0,-0.707134),
            scale = 1,
        },
        ["f-23425"] = {
            hash = 2,
            colors = {
                [1] = Color3.new(1,1,1),
            },
            id = "brick",
            cframe = CFrame.new(503.6,27.1101,-646.6,-0.499528,0,0.866298,0,1,0,-0.866298,0,-0.499528),
            scale = 1,
        },
        ["f-23224"] = {
            hash = 2,
            colors = {
                [1] = Color3.new(0.411765,0.25098,0.156863),
            },
            id = "floor_half1_wood",
            cframe = CFrame.new(411.1,14.2456,-734.6,0.866007,0,0.500031,0,1,0,-0.500031,0,0.866007),
            scale = 1,
        },
        ["f-24586"] = {
            hash = 2,
            colors = {
                [1] = Color3.new(1,1,1),
            },
            id = "beam_v1_plain",
            cframe = CFrame.new(487.5,11.2,-622.237,1,0,0,0,1,0,0,0,1),
            scale = 1,
        },
        ["f-22789"] = {
            hash = 2,
            colors = {
                [1] = Color3.new(1,1,1),
            },
            id = "beam_v1_plain",
            cframe = CFrame.new(525.775,32.9822,-555.621,-0.500046,0,0.865999,0,1,0,-0.865999,0,-0.500046),
            scale = 1,
        },
        ["f-22962"] = {
            hash = 2,
            colors = {
                [1] = Color3.new(0.486275,0.360784,0.27451),
                [2] = Color3.new(0.627451,0.372549,0.207843),
            },
            id = "woodendrawing",
            cframe = CFrame.new(439.021,17.3999,-851.913,-0.70706,0.707153,-0.000728935,0.0010756,4.46439e-05,-0.999999,-0.707153,-0.70706,-0.000792265),
            scale = 1.46,
        },
        ["f-23896"] = {
            hash = 2,
            colors = {
                [1] = Color3.new(0.411765,0.25098,0.156863),
            },
            id = "beam_v1_wood",
            cframe = CFrame.new(586.71,21.8008,-718.473,0.96602,0,0.258468,0,1,0,-0.258468,0,0.96602),
            scale = 1,
        },
        ["f-22033"] = {
            hash = 2,
            colors = {
                [1] = Color3.new(1,1,1),
            },
            id = "beam_v1_plain",
            cframe = CFrame.new(501.6,56.0972,-877.9,-0.96593,0,-0.258805,0,1,0,0.258805,0,-0.96593),
            scale = 1,
        },
        ["f-21971"] = {
            hash = 2,
            colors = {
                [1] = Color3.new(1,1,1),
            },
            id = "ropes_verticalstring_v1",
            cframe = CFrame.new(430.445,34.9944,-838.037,-0.0142772,0.707124,0.706945,-0.999796,1.71661e-05,-0.0202086,-0.014302,-0.70709,0.706979),
            scale = 1,
        },
        ["f-23785"] = {
            hash = 2,
            colors = {
                [1] = Color3.new(0.945098,0.905882,0.780392),
                [2] = Color3.new(0.972549,0.972549,0.972549),
            },
            id = "flatbook",
            cframe = CFrame.new(469.901,30.5,-633.554,-0.499817,0.866131,1.39177e-05,1.39177e-05,2.41399e-05,-1,-0.866131,-0.499817,-2.40803e-05),
            scale = 1,
        },
        ["f-22000"] = {
            hash = 2,
            colors = {
                [1] = Color3.new(1,1,1),
            },
            id = "wall_short_plain",
            cframe = CFrame.new(429.264,41.781,-864.265,0.707068,0,0.707146,0,1,0,-0.707146,0,0.707068),
            scale = 1,
        },
        ["f-24040"] = {
            hash = 2,
            colors = {
                [1] = Color3.new(1,1,1),
            },
            id = "basicrug",
            cframe = CFrame.new(519.4,11.1001,-560.5,0.866007,0,0.500031,0,1,0,-0.500031,0,0.866007),
            scale = 1,
        },
        ["f-21779"] = {
            hash = 2,
            colors = {
                [1] = Color3.new(0.882353,0.643137,0.760784),
            },
            id = "brick",
            cframe = CFrame.new(669.2,54.6805,-776.8,-0.499959,0,0.866049,0,1,0,-0.866049,0,-0.499959),
            scale = 0.95,
        },
        ["f-21860"] = {
            hash = 2,
            colors = {
                [1] = Color3.new(0.0666667,0.0666667,0.0666667),
            },
            id = "wall_short_glass",
            cframe = CFrame.new(466.331,47.5002,-852.168,0.707134,-0,-0.707079,0,1,-0,0.707079,0,0.707134),
            scale = 1,
        },
        ["f-22136"] = {
            hash = 2,
            colors = {
                [1] = Color3.new(1,0.690196,0),
                [2] = Color3.new(1,0.690196,0),
            },
            id = "influencer_2022_neon_light_strip",
