return {
    furniture = {
        ["f-23366"] = {
            hash = 2,
            colors = {
                [1] = Color3.new(0.0666667,0.0666667,0.0666667),
            },
            id = "roof_high_v2_wood",
            cframe = CFrame.new(506.169,43.1001,-571.396,-0.500046,0,0.865999,0,1,0,-0.865999,0,-0.500046),
            scale = 1,
        },
        ["f-23737"] = {
            hash = 2,
            colors = {
                [1] = Color3.new(0.882353,0.643137,0.760784),
                [2] = Color3.new(0.0666667,0.0666667,0.0666667),
                [3] = Color3.new(0.835294,0.45098,0.239216),
            },
            id = "coneceilinglight",
            cframe = CFrame.new(499.962,11.5972,-644.586,0.866007,0,0.500031,0,1,0,-0.500031,0,0.866007),
            on = true,
            scale = 1,
        },
        ["f-21781"] = {
            hash = 2,
            colors = {
                [1] = Color3.new(0.0352941,0.537255,0.811765),
            },
            id = "brick",
            cframe = CFrame.new(426.486,42.0491,-832.382,0.707068,0,0.707146,0,1,0,-0.707146,0,0.707068),
            scale = 0.4,
        },
        ["f-24630"] = {
            hash = 2,
            colors = {
                [1] = Color3.new(0.905882,0.905882,0.92549),
                [2] = Color3.new(1,0.45098,0),
                [3] = Color3.new(1,0.870588,0.388235),
                [4] = Color3.new(1,0.968627,0),
            },
            id = "smallcandle",
            cframe = CFrame.new(547,31.739,-586.7,0.866231,0,0.499644,0,1,0,-0.499644,0,0.866231),
            scale = 1.22,
        },
        ["f-24547"] = {
            hash = 2,
            colors = {
                [1] = Color3.new(0.905882,0.905882,0.92549),
                [2] = Color3.new(1,0.45098,0),
                [3] = Color3.new(1,0.870588,0.388235),
                [4] = Color3.new(1,0.968627,0),
            },
            id = "smallcandle",
            cframe = CFrame.new(430.844,25.4873,-861.844,0.707134,-0,-0.707079,0,1,-0,0.707079,0,0.707134),
            scale = 1,
        },
        ["f-24408"] = {
            hash = 2,
            colors = {
                [1] = Color3.new(0.345098,0.47451,0.776471),
                [2] = Color3.new(0.356863,0.364706,0.411765),
                [3] = Color3.new(0.972549,0.972549,0.972549),
                [4] = Color3.new(1,1,1),
            },
            id = "oval_pet_bathtub",
            cframe = CFrame.new(545,12,-789.332,0.866052,0,0.499954,0,1,0,-0.499954,0,0.866052),
            scale = 1,
        },
        ["f-22527"] = {
            hash = 2,
            colors = {
                [1] = Color3.new(1,1,1),
            },
            id = "beam_v1_plain",
            cframe = CFrame.new(521.743,20.9001,-633.218,0.866052,0,0.499954,0,1,0,-0.499954,0,0.866052),
            scale = 1,
        },
        ["f-24812"] = {
            hash = 2,
            colors = {
                [1] = Color3.new(1,1,1),
            },
            id = "wall_tall_wood",
            cframe = CFrame.new(609.755,11.3149,-667.947,0.707134,-0,-0.707079,0,1,-0,0.707079,0,0.707134),
            scale = 0.87,
        },
        ["f-23887"] = {
            hash = 2,
            colors = {
                [1] = Color3.new(1,1,1),
            },
            id = "ropes_verticalstring_v3",
            cframe = CFrame.new(479.97,31.2162,-603.38,0.470084,0.882622,-6.49691e-06,-6.49691e-06,1.0848e-05,1,0.882622,-0.470084,1.0848e-05),
            scale = 0.99,
        },
        ["f-24740"] = {
            hash = 2,
            colors = {
                [1] = Color3.new(1,1,1),
            },
            id = "wall_short_plain",
            cframe = CFrame.new(464.701,22,-898.906,0.707068,0,0.707146,0,1,0,-0.707146,0,0.707068),
            scale = 1,
        },
        ["f-23373"] = {
            hash = 2,
            colors = {
                [1] = Color3.new(0.0666667,0.0666667,0.0666667),
            },
            id = "basicrug",
            cframe = CFrame.new(505.268,11.2,-612.012,0.866007,0,0.500031,0,1,0,-0.500031,0,0.866007),
            scale = 1,
        },
        ["f-23775"] = {
            hash = 2,
            colors = {
                [1] = Color3.new(1,1,1),
            },
            id = "beam_v3_plain",
            cframe = CFrame.new(683.536,46.334,-735.571,0.866007,0,0.500031,0,1,0,-0.500031,0,0.866007),
            scale = 1.25,
        },
        ["f-24566"] = {
            hash = 2,
            colors = {
                [1] = Color3.new(0.803922,0.384314,0.596078),
                [2] = Color3.new(0.945098,0.905882,0.780392),
                [3] = Color3.new(0.882353,0.643137,0.760784),
            },
            id = "microwave",
            cframe = CFrame.new(726,55.5237,-760.8,0.866141,0,0.499799,0,1,0,-0.499799,0,0.866141),
            scale = 1,
        },
        ["f-24511"] = {
            hash = 2,
            colors = {
                [1] = Color3.new(1,1,1),
            },
            id = "brick",
            cframe = CFrame.new(536.301,29.0988,-585.104,0.866141,0,0.499799,0,1,0,-0.499799,0,0.866141),
            scale = 1,
        },
        ["f-23222"] = {
            hash = 2,
            colors = {
                [1] = Color3.new(0.0666667,0.0666667,0.0666667),
                [2] = Color3.new(0.972549,0.972549,0.972549),
            },
            id = "cheapcounter",
            cframe = CFrame.new(460.1,11.1001,-638.5,-0.866007,0,-0.500031,0,1,0,0.500031,0,-0.866007),
            scale = 1,
        },
        ["f-23783"] = {
            hash = 2,
            colors = {
                [1] = Color3.new(0.639216,0.635294,0.647059),
                [2] = Color3.new(0.972549,0.972549,0.972549),
            },
            id = "vanitymirror",
            cframe = CFrame.new(538.026,35.2,-584.161,-4.25577e-05,-0.866166,0.499756,1,-4.25577e-05,1.14143e-05,1.14143e-05,0.499756,0.866166),
            scale = 1,
        },
        ["f-24612"] = {
            hash = 2,
            colors = {
                [1] = Color3.new(0.639216,0.635294,0.647059),
            },
            id = "basicceilinglight",
            cframe = CFrame.new(458.084,7.30005,-544.454,6.57439e-05,0.866009,0.500029,-1,9.73344e-05,-3.70741e-05,-8.0809e-05,-0.500029,0.866009),
            on = true,
            scale = 1,
        },
        ["f-23869"] = {
            hash = 2,
            colors = {
                [1] = Color3.new(0.945098,0.905882,0.780392),
            },
            id = "choppingboard",
            cframe = CFrame.new(490.2,29.155,-648.6,0.866141,0,0.499799,0,1,0,-0.499799,0,0.866141),
            scale = 1.29,
        },
        ["f-24673"] = {
            hash = 2,
            colors = {
                [1] = Color3.new(1,1,1),
            },
            id = "wall_short_plain",
            cframe = CFrame.new(498.918,50.1978,-862.422,-0.707002,0,-0.707211,0,1,0,0.707211,0,-0.707002),
            scale = 1,
        },
        ["f-23346"] = {
            hash = 2,
            colors = {
                [1] = Color3.new(0.803922,0.384314,0.596078),
                [2] = Color3.new(0.882353,0.643137,0.760784),
                [3] = Color3.new(0.945098,0.905882,0.780392),
                [4] = Color3.new(0.972549,0.972549,0.972549),
            },
            id = "bottles",
            cframe = CFrame.new(700.8,55.6013,-767.2,-0.499787,0,0.866148,0,1,0,-0.866148,0,-0.499787),
            scale = 1.55,
        },
        ["f-21627"] = {
            hash = 2,
            colors = {
                [1] = Color3.new(0.945098,0.905882,0.780392),
                [2] = Color3.new(0.694118,0.898039,0.65098),
                [3] = Color3.new(0.694118,0.898039,0.65098),
            },
            id = "futuristictv",
            cframe = CFrame.new(530.15,18.2302,-567.66,-0.499959,0,0.866049,0,1,0,-0.866049,0,-0.499959),
            on = true,
            scale = 1.34,
        },
        ["f-22186"] = {
            hash = 2,
            colors = {
                [1] = Color3.new(1,1,1),
            },
            id = "archway_rounded_plain",
            cframe = CFrame.new(498.132,16.1001,-661.571,-0.866007,0,-0.500031,0,1,0,0.500031,0,-0.866007),
            scale = 1,
        },
        ["f-23684"] = {
            hash = 2,
            colors = {
                [1] = Color3.new(1,1,1),
            },
            id = "beam_v1_plain",
            cframe = CFrame.new(549.904,32.9982,-584.379,-0.500046,0,0.865999,0,1,0,-0.865999,0,-0.500046),
            scale = 1,
        },
        ["f-23385"] = {
            hash = 2,
            colors = {
                [1] = Color3.new(1,1,1),
            },
            id = "brick",
            cframe = CFrame.new(512.801,30.3,-641.2,-0.499787,0,0.866148,0,1,0,-0.866148,0,-0.499787),
            scale = 1,
        },
        ["f-22077"] = {
            hash = 2,
            colors = {
                [1] = Color3.new(1,1,1),
            },
            id = "wall_tall_wood",
            cframe = CFrame.new(587.687,13.8538,-688.352,0.275688,-0,-0.961247,0,1,-0,0.961247,0,0.275688),
            scale = 0.59,
        },
        ["f-23959"] = {
            hash = 2,
            colors = {
                [1] = Color3.new(1,1,1),
                [2] = Color3.new(1,1,1),
                [3] = Color3.new(1,1,1),
                [4] = Color3.new(1,1,1),
            },
            id = "bottles",
            cframe = CFrame.new(497.619,23.0298,-650.167,-0.500046,0,0.865999,0,1,0,-0.865999,0,-0.500046),
            scale = 1,
        },
        ["f-21812"] = {
            hash = 2,
            colors = {
                [1] = Color3.new(1,1,1),
            },
            id = "beam_v1_plain",
            cframe = CFrame.new(506.1,27.3,-570.2,0.500391,0,0.8658,0,1,0,-0.8658,0,0.500391),
            scale = 1,
        },
        ["f-22054"] = {
            hash = 2,
            colors = {
                [1] = Color3.new(0.337255,0.258824,0.211765),
            },
            id = "triangle_frame_tall_v3_wood",
            cframe = CFrame.new(509.5,11.2,-635.7,0.500046,-0,-0.865999,0,1,-0,0.865999,0,0.500046),
            scale = 1,
        },
        ["f-22440"] = {
            hash = 2,
            colors = {
                [1] = Color3.new(0.768627,0.156863,0.109804),
                [2] = Color3.new(0.337255,0.258824,0.211765),
                [3] = Color3.new(0.423529,0.345098,0.294118),
                [4] = Color3.new(0.486275,0.360784,0.27451),
            },
            id = "tinystylishtree",
            cframe = CFrame.new(478.605,12.9087,-624.779,0.866007,0,0.500031,0,1,0,-0.500031,0,0.866007),
            scale = 0.72,
        },
        ["f-22484"] = {
            hash = 2,
            colors = {
                [1] = Color3.new(0.972549,0.972549,0.972549),
            },
            id = "toilet",
            cframe = CFrame.new(513.4,27.3,-645.7,-0.499787,0,0.866148,0,1,0,-0.866148,0,-0.499787),
            scale = 1,
        },
        ["f-21791"] = {
            hash = 2,
            colors = {
                [1] = Color3.new(0.694118,0.898039,0.65098),
                [2] = Color3.new(0.972549,0.972549,0.972549),
            },
            id = "poofchair",
            cframe = CFrame.new(532.102,11.4043,-586.512,0.500046,-0,-0.865999,0,1,-0,0.865999,0,0.500046),
            scale = 1,
        },
        ["f-24649"] = {
            hash = 2,
            colors = {
                [1] = Color3.new(0.768627,0.156863,0.109804),
            },
            id = "modern_sign",
            cframe = CFrame.new(399.482,21.2,-740.727,-0.866008,-0.500029,0.000681505,-0.000851467,0.000111759,-1,0.500029,-0.866008,-0.000522494),
            scale = 0.57,
        },
        ["f-21675"] = {
            hash = 2,
            colors = {
                [1] = Color3.new(0.411765,0.25098,0.156863),
            },
            id = "floor_wood",
            cframe = CFrame.new(336.804,28.1145,-638.132,0.258339,0,0.966054,0,1,0,-0.966054,0,0.258339),
            scale = 1,
        },
        ["f-23829"] = {
            hash = 2,
            colors = {
                [1] = Color3.new(0.376471,0.54902,0.372549),
            },
            id = "basicrug",
            cframe = CFrame.new(405.281,21.9202,-799.471,0.500046,-0,-0.865999,0,1,-0,0.865999,0,0.500046),
            scale = 1,
        },
        ["f-24785"] = {
            hash = 2,
            colors = {
                [1] = Color3.new(0.827451,0.745098,0.588235),
            },
            id = "choppingboard",
            cframe = CFrame.new(497.7,16.2297,-657.1,0.866007,0,0.500031,0,1,0,-0.500031,0,0.866007),
            scale = 1,
        },
        ["f-21729"] = {
            hash = 2,
            colors = {
                [1] = Color3.new(0.337255,0.258824,0.211765),
            },
            id = "beam_v1_wood",
            cframe = CFrame.new(496.226,16.43,-626.567,0.866007,0,0.500031,0,1,0,-0.500031,0,0.866007),
            scale = 1,
        },
        ["f-22562"] = {
            hash = 2,
            colors = {
                [1] = Color3.new(0.639216,0.635294,0.647059),
            },
            id = "floor_double_plain",
            cframe = CFrame.new(523.226,10.2,-644.892,0.866007,0,0.500031,0,1,0,-0.500031,0,0.866007),
            scale = 1,
        },
        ["f-21977"] = {
            hash = 2,
            colors = {
                [1] = Color3.new(1,1,1),
            },
            id = "beam_v1_plain",
            cframe = CFrame.new(473.998,33.1142,-647.536,-0.500046,0,0.865999,0,1,0,-0.865999,0,-0.500046),
            scale = 1,
        },
        ["f-24059"] = {
            hash = 2,
            colors = {
                [1] = Color3.new(0.639216,0.635294,0.647059),
            },
            id = "wall_short_glass",
            cframe = CFrame.new(550.093,28.2,-636.247,0.866007,0,0.500031,0,1,0,-0.500031,0,0.866007),
            scale = 1,
        },
        ["f-22543"] = {
            hash = 2,
            colors = {
                [1] = Color3.new(0.486275,0.360784,0.27451),
                [2] = Color3.new(0.623529,0.631373,0.67451),
                [3] = Color3.new(0.639216,0.635294,0.647059),
            },
            id = "chocolate_icing",
            cframe = CFrame.new(324.7,25.0764,-650.8,0.96593,-1.12667e-05,-0.258805,-1.12667e-05,1,-8.55836e-05,0.258805,8.55836e-05,0.96593),
            scale = 0.73,
        },
        ["f-22990"] = {
            hash = 2,
            colors = {
                [1] = Color3.new(1,1,1),
            },
            id = "beam_v1_plain",
            cframe = CFrame.new(527.501,30.9822,-623.178,-0.500046,0,0.865999,0,1,0,-0.865999,0,-0.500046),
            scale = 1,
        },
        ["f-24842"] = {
            hash = 2,
            colors = {
                [1] = Color3.new(1,1,1),
            },
            id = "triangle_frame_tall_v2_plain",
            cframe = CFrame.new(416.649,25.5454,-747.639,0.500046,-0,-0.865999,0,1,-0,0.865999,0,0.500046),
            scale = 1,
        },
        ["f-24619"] = {
            hash = 2,
            colors = {
                [1] = Color3.new(1,1,1),
            },
            id = "wall_wood",
            cframe = CFrame.new(340.845,32.8574,-639.116,0.258339,0,0.966054,0,1,0,-0.966054,0,0.258339),
            scale = 1,
        },
        ["f-23998"] = {
            hash = 2,
            colors = {
                [1] = Color3.new(0.0666667,0.0666667,0.0666667),
            },
            id = "door_cutout_large_plain",
            cframe = CFrame.new(491.592,27.3,-618.824,-0.500046,0,0.865999,0,1,0,-0.865999,0,-0.500046),
            scale = 1,
        },
        ["f-24633"] = {
            hash = 2,
            colors = {
                [1] = Color3.new(1,1,1),
            },
            id = "wall_short_plain",
            cframe = CFrame.new(456.912,51.5371,-891.916,0.707068,0,0.707146,0,1,0,-0.707146,0,0.707068),
            scale = 1,
        },
        ["f-23122"] = {
            hash = 2,
            colors = {
                [1] = Color3.new(1,1,1),
            },
            id = "beam_v3_plain",
            cframe = CFrame.new(455.9,22.0002,-870,0.707134,-0,-0.707079,0,1,-0,0.707079,0,0.707134),
            scale = 1,
        },
        ["f-23276"] = {
            hash = 2,
            colors = {
                [1] = Color3.new(0.0666667,0.0666667,0.0666667),
            },
            id = "brick",
            cframe = CFrame.new(446.535,24.1061,-840.728,0.707111,0.706672,-0.0246627,3.34978e-05,0.0348451,0.999393,0.707102,-0.706683,0.0246156),
            scale = 1,
        },
        ["f-22230"] = {
            hash = 2,
            colors = {
                [1] = Color3.new(1,1,1),
            },
            id = "brick",
            cframe = CFrame.new(545.9,36.6392,-586.1,-0.499787,0,0.866148,0,1,0,-0.866148,0,-0.499787),
            scale = 1,
        },
        ["f-21956"] = {
            hash = 2,
            colors = {
                [1] = Color3.new(1,1,1),
            },
            id = "wall_short_plain",
            cframe = CFrame.new(455.011,27.0959,-819.209,0.707068,0,0.707146,0,1,0,-0.707146,0,0.707068),
            scale = 1,
        },
        ["f-23217"] = {
            hash = 2,
            colors = {
                [1] = Color3.new(1,1,1),
            },
            id = "beam_v1_plain",
            cframe = CFrame.new(509.951,11.1001,-655.596,0.866007,0,0.500031,0,1,0,-0.500031,0,0.866007),
            scale = 1,
        },
        ["f-24605"] = {
            hash = 2,
            colors = {
                [1] = Color3.new(0.411765,0.25098,0.156863),
            },
            id = "beam_v1_wood",
            cframe = CFrame.new(327.321,31.4413,-657.534,0.966065,-0,-0.2583,0,1,-0,0.2583,0,0.966065),
            scale = 1,
        },
        ["f-21913"] = {
            hash = 2,
            colors = {
                [1] = Color3.new(0.337255,0.258824,0.211765),
            },
            id = "floor_half1_wood",
            cframe = CFrame.new(502.1,26.26,-639.3,0.450992,-0,-0.892528,0,1,-0,0.892528,0,0.450992),
            scale = 1.08,
        },
        ["f-22512"] = {
            hash = 2,
            colors = {
                [1] = Color3.new(0.631373,0.647059,0.635294),
            },
            id = "plate",
            cframe = CFrame.new(414.2,18.7551,-755.3,0.866007,0,0.500031,0,1,0,-0.500031,0,0.866007),
            scale = 1,
        },
        ["f-22861"] = {
            hash = 2,
            colors = {
                [1] = Color3.new(0.905882,0.905882,0.92549),
                [2] = Color3.new(1,0.45098,0),
                [3] = Color3.new(1,0.870588,0.388235),
                [4] = Color3.new(1,0.968627,0),
            },
            id = "smallcandle",
            cframe = CFrame.new(497.621,30.2576,-587.47,1,0,0,0,1,0,0,0,1),
            scale = 1,
        },
        ["f-23102"] = {
            hash = 2,
            colors = {
                [1] = Color3.new(0.0666667,0.0666667,0.0666667),
            },
            id = "smallbottle",
            cframe = CFrame.new(467.21,28.5,-639.001,-1.09673e-05,0.866135,0.49981,-1,-4.25577e-05,5.17964e-05,6.61463e-05,-0.49981,0.866135),
            scale = 1,
        },
        ["f-22487"] = {
            hash = 2,
            colors = {
                [1] = Color3.new(0.905882,0.905882,0.92549),
                [2] = Color3.new(1,0.45098,0),
                [3] = Color3.new(1,0.870588,0.388235),
                [4] = Color3.new(1,0.968627,0),
            },
            id = "largecandle",
            cframe = CFrame.new(489.8,29.8794,-647.8,0.866186,0,0.499722,0,1,0,-0.499722,0,0.866186),
            scale = 0.43,
        },
        ["f-22550"] = {
            hash = 2,
            colors = {
                [1] = Color3.new(0.639216,0.635294,0.647059),
            },
            id = "floor_double_plain",
            cframe = CFrame.new(532.314,10.1001,-560.602,0.866007,0,0.500031,0,1,0,-0.500031,0,0.866007),
            scale = 1,
        },
        ["f-22469"] = {
            hash = 2,
            colors = {
                [1] = Color3.new(0.972549,0.972549,0.972549),
                [2] = Color3.new(0.368627,0.603922,0.478431),
                [3] = Color3.new(0.486275,0.360784,0.27451),
            },
            id = "expandable_houses_2023_luxury_plant_pot",
            cframe = CFrame.new(444.5,21.6453,-828.7,0.499959,-0,-0.866049,0,1,-0,0.866049,0,0.499959),
            scale = 1.93,
        },
        ["f-23427"] = {
            hash = 2,
            colors = {
                [1] = Color3.new(0.0666667,0.0666667,0.0666667),
            },
            id = "roof_high_v2_wood",
            cframe = CFrame.new(525.966,52.5969,-609.555,0.500046,-0,-0.865999,0,1,-0,0.865999,0,0.500046),
            scale = 1,
        },
        ["f-22465"] = {
            hash = 2,
            colors = {
                [1] = Color3.new(0.0666667,0.0666667,0.0666667),
            },
            id = "basicrug",
            cframe = CFrame.new(503.777,27.2002,-610.521,-0.499787,0,0.866148,0,1,0,-0.866148,0,-0.499787),
            scale = 1,
        },
        ["f-22073"] = {
            hash = 2,
            colors = {
                [1] = Color3.new(0.639216,0.635294,0.647059),
            },
            id = "basicceilinglight",
            cframe = CFrame.new(512.5,44,-565.7,1,0,0,0,1,0,0,0,1),
            on = true,
            scale = 1,
        },
        ["f-22014"] = {
            hash = 2,
            colors = {
                [1] = Color3.new(1,1,1),
            },
            id = "wall_wood",
            cframe = CFrame.new(396.959,15.5454,-760.841,-0.866007,0,-0.500031,0,1,0,0.500031,0,-0.866007),
            scale = 1,
        },
        ["f-21735"] = {
            hash = 2,
            colors = {
                [1] = Color3.new(0.0666667,0.0666667,0.0666667),
            },
            id = "roof_high_v1_wood",
            cframe = CFrame.new(516.267,43.0041,-554.888,-0.866007,0,-0.500031,0,1,0,0.500031,0,-0.866007),
            scale = 1,
        },
        ["f-24216"] = {
            hash = 2,
            colors = {
                [1] = Color3.new(1,1,1),
            },
            id = "archway_rounded_plain",
            cframe = CFrame.new(506.5,16.2,-659.899,0.500046,-0,-0.865999,0,1,-0,0.865999,0,0.500046),
            scale = 1,
        },
        ["f-22736"] = {
            hash = 2,
            colors = {
                [1] = Color3.new(0.639216,0.635294,0.647059),
            },
            id = "basicceilinglight",
            cframe = CFrame.new(432.725,6.80005,-588.37,-6.58035e-05,0.866009,0.500029,-1,-9.7394e-05,3.70741e-05,8.0809e-05,-0.500029,0.866009),
            on = true,
            scale = 1,
        },
        ["f-22920"] = {
            hash = 2,
            colors = {
                [1] = Color3.new(0.411765,0.25098,0.156863),
            },
            id = "beam_v1_wood",
            cframe = CFrame.new(570,11,-714,0.96602,0,0.258468,0,1,0,-0.258468,0,0.96602),
            scale = 1,
        },
        ["f-22197"] = {
            hash = 2,
            colors = {
                [1] = Color3.new(0.356863,0.364706,0.411765),
            },
            id = "island_rock",
            cframe = CFrame.new(474.4,56.502,-886.8,0.96593,-0,-0.258805,0,1,-0,0.258805,0,0.96593),
            scale = 1.42,
        },
        ["f-23152"] = {
            hash = 2,
            colors = {
                [1] = Color3.new(0.631373,0.647059,0.635294),
                [2] = Color3.new(1,1,1),
                [3] = Color3.new(1,1,1),
            },
            id = "expandable_houses_2023_luxury_large_picture_frame",
            cframe = CFrame.new(532.615,39.5,-581.102,-0.000105739,-0.866135,0.49981,1,5.21541e-05,0.000301942,-0.000287592,0.49981,0.866135),
            scale = 1.61,
        },
        ["f-23631"] = {
            hash = 2,
            colors = {
                [1] = Color3.new(0.486275,0.360784,0.27451),
            },
            id = "foldupchair",
            cframe = CFrame.new(423.1,10.99,-608.6,0.500046,-0,-0.865999,0,1,-0,0.865999,0,0.500046),
            scale = 1.22,
        },
        ["f-23677"] = {
            hash = 2,
            colors = {
                [1] = Color3.new(0.972549,0.972549,0.972549),
            },
            id = "glass",
            cframe = CFrame.new(482.686,30.2576,-613.451,0.866007,0,0.500031,0,1,0,-0.500031,0,0.866007),
            scale = 1,
        },
        ["f-22189"] = {
            hash = 2,
            colors = {
                [1] = Color3.new(1,1,1),
            },
            id = "ropes_horizontalrope_v2",
            cframe = CFrame.new(392.203,23.3801,-804.682,-0.258864,0,0.965914,0,1,0,-0.965914,0,-0.258864),
            scale = 0.84,
        },
        ["f-24354"] = {
            hash = 2,
            colors = {
                [1] = Color3.new(1,1,1),
            },
            id = "ropes_verticalstring_v3",
            cframe = CFrame.new(531.176,14.4025,-618.879,-2.06232e-05,-0.866072,0.49992,1,1.10269e-05,6.02156e-05,-5.76824e-05,0.49992,0.866072),
            scale = 1,
        },
        ["f-24095"] = {
            hash = 2,
            colors = {
                [1] = Color3.new(0.639216,0.635294,0.647059),
            },
            id = "wall_short_glass",
            cframe = CFrame.new(563.651,28.2,-643.546,0.866007,0,0.500031,0,1,0,-0.500031,0,0.866007),
            scale = 1,
        },
        ["f-23798"] = {
            hash = 2,
            colors = {
                [1] = Color3.new(0.745098,0.737255,0.737255),
            },
            id = "choppingboard",
            cframe = CFrame.new(470.363,26.1101,-901.275,0.96593,0,0.258805,0,1,0,-0.258805,0,0.96593),
            scale = 1,
        },
        ["f-22906"] = {
            hash = 2,
            colors = {
                [1] = Color3.new(0.0666667,0.0666667,0.0666667),
            },
            id = "ropes_verticalstring_v3",
            cframe = CFrame.new(505.134,13.1994,-589.798,6.57439e-05,-0.865977,0.500084,1,6.57439e-05,-1.7643e-05,-1.7643e-05,0.500084,0.865977),
            scale = 1,
        },
        ["f-23344"] = {
            hash = 2,
            colors = {
                [1] = Color3.new(0.0666667,0.0666667,0.0666667),
            },
            id = "floor_wood",
            cframe = CFrame.new(505.922,52.1001,-586.988,0.866007,0,0.500031,0,1,0,-0.500031,0,0.866007),
            scale = 1,
        },
        ["f-24384"] = {
            hash = 2,
            colors = {
                [1] = Color3.new(0.639216,0.635294,0.647059),
            },
            id = "wall_short_glass",
            cframe = CFrame.new(480.18,33.2583,-852.811,0.500046,0,0.865999,0,1,0,-0.865999,0,0.500046),
            scale = 0.74,
        },
        ["f-24243"] = {
            hash = 2,
            colors = {
                [1] = Color3.new(0.639216,0.635294,0.647059),
            },
            id = "floor_double_plain",
            cframe = CFrame.new(430.889,8.80005,-810.299,0.707134,0,0.707079,0,1,0,-0.707079,0,0.707134),
            scale = 1,
        },
        ["f-24521"] = {
            hash = 2,
            colors = {
                [1] = Color3.new(0.533333,0.243137,0.243137),
            },
            id = "floor_half1_plain",
            cframe = CFrame.new(500.301,27.38,-653.3,0.86632,0,0.49949,0,1,0,-0.49949,0,0.86632),
            scale = 0.96,
        },
        ["f-24029"] = {
            hash = 2,
            colors = {
                [1] = Color3.new(1,1,1),
            },
            id = "wall_tall_plain",
            cframe = CFrame.new(481.6,2,-904.8,-1,0,0,0,1,0,0,0,-1),
            scale = 1,
        },
        ["f-22382"] = {
            hash = 2,
            colors = {
                [1] = Color3.new(0.768627,0.156863,0.109804),
            },
            id = "neon_sign",
            cframe = CFrame.new(409.742,23.1072,-602.068,-0.866291,-0.499537,0.00179568,-0.001978,-0.000164509,-0.999998,0.499536,-0.866293,-0.000845671),
            scale = 0.73,
        },
        ["f-24036"] = {
            hash = 2,
            colors = {
                [1] = Color3.new(1,1,1),
            },
            id = "wall_tall_plain",
            cframe = CFrame.new(502.2,39.3849,-633,0.866498,0,0.49918,0,1,0,-0.49918,0,0.866498),
            scale = 0.27,
        },
        ["f-23066"] = {
            hash = 2,
            colors = {
                [1] = Color3.new(0.0666667,0.0666667,0.0666667),
            },
            id = "door_cutout_rounded_large_plain",
            cframe = CFrame.new(504.1,7.29995,-589.2,-0.500046,0,0.865999,0,1,0,-0.865999,0,-0.500046),
            scale = 1,
        },
        ["f-22547"] = {
            hash = 2,
            colors = {
                [1] = Color3.new(0.631373,0.647059,0.635294),
            },
            id = "choppingboard",
            cframe = CFrame.new(528.412,18.4,-569.265,-0.500046,0,0.865999,0,1,0,-0.865999,0,-0.500046),
            scale = 1,
        },
        ["f-23916"] = {
            hash = 2,
            colors = {
                [1] = Color3.new(0.694118,0.898039,0.65098),
                [2] = Color3.new(0.0666667,0.0666667,0.0666667),
                [3] = Color3.new(0.356863,0.364706,0.411765),
                [4] = Color3.new(0.462745,0.443137,0.458824),
            },
            id = "fifties_2022_telephone",
            cframe = CFrame.new(518,12.7092,-563.2,-0.258864,0,0.965914,0,1,0,-0.965914,0,-0.258864),
            scale = 0.77,
        },
        ["f-23532"] = {
            hash = 2,
            colors = {
                [1] = Color3.new(1,1,1),
            },
            id = "ropes_verticalrope_v3",
            cframe = CFrame.new(451.292,60.7461,-828.682,0.70706,-0.707153,-3.32892e-05,-3.32892e-05,-8.03471e-05,1,-0.707153,-0.70706,-8.03471e-05),
            scale = 1,
        },
        ["f-24464"] = {
            hash = 2,
            colors = {
                [1] = Color3.new(0.639216,0.635294,0.647059),
            },
            id = "basicceilinglight",
            cframe = CFrame.new(502.232,23.3298,-638.779,-0.866007,0,0.500031,0,-1,0,0.500031,0,0.866007),
            on = true,
            scale = 1,
        },
        ["f-22850"] = {
            hash = 2,
            colors = {
                [1] = Color3.new(1,1,1),
            },
            id = "beam_v3_plain",
            cframe = CFrame.new(422.1,40.5594,-834.101,0.707134,-0,-0.707079,0,1,-0,0.707079,0,0.707134),
            scale = 0.38,
        },
        ["f-24536"] = {
            hash = 2,
            colors = {
                [1] = Color3.new(1,1,1),
            },
            id = "ropes_verticalrope_v3",
            cframe = CFrame.new(432.88,60.7424,-864.593,0.70706,-0.707153,-3.32892e-05,-3.32892e-05,-8.03471e-05,1,-0.707153,-0.70706,-8.03471e-05),
            scale = 1,
        },
        ["f-22666"] = {
            hash = 2,
            colors = {
                [1] = Color3.new(0.0666667,0.0666667,0.0666667),
                [2] = Color3.new(1,1,1),
            },
            id = "soccer_2024_soap_tray",
            cframe = CFrame.new(490.9,36.42,-652.545,0.499817,-0.866131,-1.39177e-05,1.39177e-05,2.41399e-05,-1,0.866131,0.499817,2.41399e-05),
            scale = 1,
        },
        ["f-22866"] = {
            hash = 2,
            colors = {
                [1] = Color3.new(0.486275,0.360784,0.27451),
            },
            id = "foldupchair",
            cframe = CFrame.new(357.8,13.1145,-640.4,-0.965907,0,0.258889,0,1,0,-0.258889,0,-0.965907),
            scale = 1,
        },
        ["f-22094"] = {
            hash = 2,
            colors = {
                [1] = Color3.new(0.384314,0.145098,0.819608),
            },
            id = "brick",
            cframe = CFrame.new(427.084,42.0491,-832.976,0.707068,0,0.707146,0,1,0,-0.707146,0,0.707068),
            scale = 0.4,
        },
        ["f-22064"] = {
            hash = 2,
            colors = {
                [1] = Color3.new(0.376471,0.54902,0.372549),
            },
            id = "basicrug",
            cframe = CFrame.new(419.278,21.9202,-819.314,0.707134,-0,-0.707079,0,1,-0,0.707079,0,0.707134),
            scale = 1,
        },
        ["f-22483"] = {
            hash = 2,
            colors = {
                [1] = Color3.new(1,1,1),
            },
            id = "brick",
            cframe = CFrame.new(475.301,27.3,-625.7,0.866141,0,0.499799,0,1,0,-0.499799,0,0.866141),
            scale = 1,
        },
        ["f-22038"] = {
            hash = 2,
            colors = {
                [1] = Color3.new(0.337255,0.258824,0.211765),
            },
            id = "wall_short_wood",
            cframe = CFrame.new(540.307,11.1001,-564.003,0.866052,0,0.499954,0,1,0,-0.499954,0,0.866052),
            scale = 1,
        },
        ["f-22577"] = {
            hash = 2,
            colors = {
                [1] = Color3.new(1,1,1),
            },
            id = "trim_v1_top_plain",
            cframe = CFrame.new(689.41,78.9524,-727.386,-2.06232e-05,-0.866072,0.49992,1,1.10269e-05,6.02156e-05,-5.76824e-05,0.49992,0.866072),
            scale = 1.32,
        },
        ["f-22865"] = {
            hash = 2,
            colors = {
                [1] = Color3.new(0.172549,0.396078,0.113725),
                [2] = Color3.new(0.337255,0.258824,0.211765),
                [3] = Color3.new(0.541176,0.4,0.305882),
            },
            id = "small_island_tree",
            cframe = CFrame.new(412.85,10.78,-700.358,-0.707134,0,-0.707079,0,1,0,0.707079,0,-0.707134),
            scale = 1.44,
        },
        ["f-23632"] = {
            hash = 2,
            colors = {
                [1] = Color3.new(0.172549,0.396078,0.113725),
                [2] = Color3.new(0.337255,0.258824,0.211765),
                [3] = Color3.new(0.541176,0.4,0.305882),
            },
            id = "small_island_tree",
            cframe = CFrame.new(391.6,10.78,-680.2,-0.707134,0,-0.707079,0,1,0,0.707079,0,-0.707134),
            scale = 1.44,
        },
        ["f-24080"] = {
            hash = 2,
            colors = {
                [1] = Color3.new(1,1,1),
            },
            id = "wall_plain",
            cframe = CFrame.new(416.848,22.1417,-829.491,0.736278,0.202305,-0.64573,-0.00890797,0.957078,0.289693,0.676621,-0.207542,0.706477),
            scale = 1,
        },
        ["f-23466"] = {
            hash = 2,
            colors = {
                [1] = Color3.new(1,1,1),
            },
            id = "floor_half1_plain",
            cframe = CFrame.new(471.99,14.1001,-639.018,0.866007,0,0.500031,0,1,0,-0.500031,0,0.866007),
            scale = 1,
        },
        ["f-23529"] = {
            hash = 2,
            colors = {
                [1] = Color3.new(0.482353,0.713726,0.909804),
            },
            id = "trim_v1_top_plain",
            cframe = CFrame.new(477.502,24.7651,-804.309,0.245882,0.9693,4.11868e-05,4.11868e-05,-5.29289e-05,1,0.9693,-0.245882,-5.29289e-05),
            scale = 0.53,
        },
        ["f-22511"] = {
            hash = 2,
            colors = {
                [1] = Color3.new(0.631373,0.647059,0.635294),
            },
            id = "smallbottle",
            cframe = CFrame.new(530.651,29.5,-581.495,-4.25577e-05,-0.866166,0.499756,1,-4.25577e-05,1.14143e-05,1.14143e-05,0.499756,0.866166),
            scale = 1,
        },
        ["f-24814"] = {
            hash = 2,
            colors = {
                [1] = Color3.new(1,1,1),
            },
            id = "brick",
            cframe = CFrame.new(444.08,59.003,-823.478,-0.707154,-0.70706,-0.000106812,-0.000118703,-3.23057e-05,1,-0.70706,0.707154,-6.10352e-05),
            scale = 1,
        },
        ["f-22090"] = {
            hash = 2,
            colors = {
                [1] = Color3.new(0.639216,0.635294,0.647059),
            },
            id = "wall_tall_glass",
            cframe = CFrame.new(511.1,27.175,-583.8,-0.499873,0,0.866099,0,1,0,-0.866099,0,-0.499873),
            scale = 1.25,
        },
        ["f-23912"] = {
            hash = 2,
            colors = {
                [1] = Color3.new(0.337255,0.258824,0.211765),
            },
            id = "wall_short_wood",
            cframe = CFrame.new(505.978,25.8,-659.648,-0.499787,0,0.866148,0,1,0,-0.866148,0,-0.499787),
            scale = 1,
        },
        ["f-24469"] = {
            hash = 2,
            colors = {
                [1] = Color3.new(0.972549,0.85098,0.427451),
                [2] = Color3.new(0.882353,0.643137,0.760784),
            },
            id = "stripedrug",
            cframe = CFrame.new(454.578,55.9021,-846.023,0.707134,-0,-0.707079,0,1,-0,0.707079,0,0.707134),
            scale = 1,
        },
        ["f-22269"] = {
            hash = 2,
            colors = {
                [1] = Color3.new(1,1,1),
            },
            id = "ropes_verticalstring_v1",
            cframe = CFrame.new(498.28,40.324,-861.573,-8.04663e-05,0.70706,0.707153,1,8.02279e-05,3.32892e-05,-3.32892e-05,0.707153,-0.707061),
            scale = 1,
        },
        ["f-24402"] = {
            hash = 2,
            colors = {
                [1] = Color3.new(1,1,1),
            },
            id = "wall_double_plain",
            cframe = CFrame.new(467.531,2,-831.929,0.707134,0,0.707079,0,1,0,-0.707079,0,0.707134),
            scale = 1,
        },
        ["f-23762"] = {
            hash = 2,
            colors = {
                [1] = Color3.new(1,1,1),
            },
            id = "ropes_verticalstring_v2",
            cframe = CFrame.new(335.592,21.8999,-656.465,-0.966066,-0.258294,-6.72042e-06,6.72042e-06,-5.11408e-05,1,-0.258294,0.966066,5.10216e-05),
            scale = 1,
        },
        ["f-23922"] = {
            hash = 2,
            colors = {
                [1] = Color3.new(1,1,1),
            },
            id = "triangle_frame_tall_v2_plain",
            cframe = CFrame.new(405.158,25.5454,-765.678,0.500046,-0,-0.865999,0,1,-0,0.865999,0,0.500046),
            scale = 1,
        },
        ["f-23913"] = {
            hash = 2,
            colors = {
                [1] = Color3.new(0.745098,0.737255,0.737255),
            },
            id = "choppingboard",
            cframe = CFrame.new(488,28.4602,-900.2,0.707134,-0,-0.707079,0,1,-0,0.707079,0,0.707134),
            scale = 1,
        },
        ["f-21724"] = {
            hash = 2,
            colors = {
                [1] = Color3.new(1,1,1),
            },
            id = "wall_tall_plain",
            cframe = CFrame.new(536.552,6.30005,-597.695,0.866007,0,0.500031,0,1,0,-0.500031,0,0.866007),
            scale = 1,
        },
        ["f-23613"] = {
            hash = 2,
            colors = {
                [1] = Color3.new(1,1,1),
            },
            id = "wall_wood",
            cframe = CFrame.new(330.5,32.9727,-617.6,0.966065,-0,-0.2583,0,1,-0,0.2583,0,0.966065),
            scale = 1,
        },
        ["f-23901"] = {
            hash = 2,
            colors = {
                [1] = Color3.new(0.482353,0.713726,0.909804),
            },
            id = "brick",
            cframe = CFrame.new(515.405,28.904,-564.109,0.000552714,-0.499267,0.866448,-1,-2.98023e-06,0.00063625,-0.0003151,-0.866448,-0.499267),
            scale = 0.66,
        },
        ["f-22862"] = {
            hash = 2,
            colors = {
                [1] = Color3.new(0.4,0.4,0.4),
            },
            id = "basicrug",
            cframe = CFrame.new(510.2,27.3,-599,-0.499787,0,0.866148,0,1,0,-0.866148,0,-0.499787),
            scale = 1,
        },
        ["f-22526"] = {
            hash = 2,
            colors = {
                [1] = Color3.new(0.286275,0.247059,0.227451),
            },
            id = "beam_v1_wood",
            cframe = CFrame.new(528.938,10.9829,-572.172,0.866007,0,0.500031,0,1,0,-0.500031,0,0.866007),
