return {
    furniture = {
        ["f-1651"] = {
            hash = 2,
            id = "biodome_2022_long_leaf",
            colors = {
                [1] = Color3.new(0.490196,0.509804,0.415686),
                [2] = Color3.new(0.572549,0.6,0.47451),
            },
            was_free = false,
            no_value = true,
            cframe = CFrame.new(53.5253,20.0075,-116.571,1,0,0,0,1,0,0,0,1),
            scale = 0.15,
        },
        ["f-1921"] = {
            hash = 2,
            id = "sphere_v3_plain",
            colors = {
                [1] = Color3.new(0.678431,0.458824,0.443137),
            },
            was_free = false,
            no_value = true,
            cframe = CFrame.new(81.0249,21.2769,-22.4779,-0.0858437,0.00845225,-0.996273,-0.106494,0.994157,0.0176104,0.990601,0.107609,-0.084442),
            scale = 0.24,
        },
        ["f-2543"] = {
            hash = 2,
            id = "queenslander_rubber_tree",
            colors = {
                [1] = Color3.new(0.490196,0.509804,0.415686),
                [2] = Color3.new(0.572549,0.6,0.47451),
                [3] = Color3.new(0.490196,0.509804,0.415686),
                [4] = Color3.new(0.490196,0.509804,0.415686),
                [5] = Color3.new(0.490196,0.509804,0.415686),
            },
            was_free = false,
            no_value = true,
            cframe = CFrame.new(18.2661,23.8776,-113.84,0.252143,0.0582807,-0.965933,-0.225048,0.974348,4.29749e-05,0.941158,0.21737,0.258791),
            scale = 0.25,
        },
        ["f-3074"] = {
            hash = 2,
            id = "brick",
            colors = {
                [1] = Color3.new(0.439216,0.364706,0.321569),
            },
            was_free = false,
            no_value = true,
            cframe = CFrame.new(24.6006,16.6999,-102.676,0,0,-1,-1,0,0,0,1,0),
            scale = 0.55,
        },
        ["f-625"] = {
            hash = 2,
            id = "beam_v1_plain",
            colors = {
                [1] = Color3.new(0.67451,0.639216,0.572549),
            },
            was_free = false,
            no_value = true,
            cframe = CFrame.new(29.2139,32.5725,-101.781,0,1,0,0,0,-1,-1,0,0),
            scale = 0.23,
        },
        ["f-1879"] = {
            hash = 2,
            id = "bowl",
            colors = {
                [1] = Color3.new(0.835294,0.737255,0.784314),
            },
            was_free = false,
            no_value = true,
            cframe = CFrame.new(14.7185,16.7356,15.0086,-0.0574822,-0.0994717,0.993379,-0.866029,0.499994,-4.63724e-05,-0.496678,-0.860297,-0.114886),
            scale = 1.49,
        },
        ["f-760"] = {
            hash = 2,
            id = "brick",
            colors = {
                [1] = Color3.new(0.564706,0.458824,0.396078),
            },
            was_free = false,
            no_value = true,
            cframe = CFrame.new(19.6998,19.2998,-102.676,0,0,-1,-1,0,0,0,1,0),
            scale = 0.55,
        },
        ["f-1535"] = {
            hash = 2,
            id = "mound",
            colors = {
                [1] = Color3.new(0.490196,0.509804,0.415686),
            },
            was_free = false,
            no_value = true,
            cframe = CFrame.new(54.8799,36.8999,-134.8,-0.000295758,-1,-0.000312716,-0.292732,-0.000212431,0.956195,-0.956195,0.000374258,-0.292732),
            scale = 0.27,
        },
        ["f-898"] = {
            hash = 2,
            id = "beam_v3_wood",
            colors = {
                [1] = Color3.new(0.796078,0.764706,0.67451),
            },
            was_free = false,
            no_value = true,
            cframe = CFrame.new(55.2,20.8253,-127.499,1,0,0,0,1,0,0,0,1),
            scale = 0.25,
        },
        ["f-140"] = {
            hash = 2,
            id = "beam_v1_plain",
            colors = {
                [1] = Color3.new(0.894118,0.866667,0.811765),
            },
            was_free = false,
            no_value = true,
            cframe = CFrame.new(23.377,37.8315,-105.259,1,0,0,0,1,0,0,0,1),
            scale = 0.2,
        },
        ["f-1027"] = {
            hash = 2,
            id = "trim_v3_top_plain",
            colors = {
                [1] = Color3.new(0.894118,0.866667,0.811765),
            },
            was_free = false,
            no_value = true,
            cframe = CFrame.new(10.3,28.4998,-103.926,0,0,-1,-1,0,0,0,1,0),
            scale = 0.65,
        },
        ["f-2611"] = {
            hash = 2,
            id = "magic_tall_book_stack",
            colors = {
                [1] = Color3.new(0.521569,0.380392,0.372549),
                [2] = Color3.new(0.494118,0.513726,0.431373),
                [3] = Color3.new(0.333333,0.4,0.384314),
                [4] = Color3.new(0.917647,0.854902,0.776471),
            },
            was_free = false,
            no_value = true,
            cframe = CFrame.new(54,36.7529,-110.8,-1,0,0,0,1,0,0,0,-1),
            scale = 0.79,
        },
        ["f-444"] = {
            hash = 2,
            id = "torus_v3_plain",
            colors = {
                [1] = Color3.new(0.427451,0.380392,0.34902),
            },
            was_free = false,
            no_value = true,
            cframe = CFrame.new(53.7898,21.359,-126.688,1,0,0,0,1,0,0,0,1),
            scale = 0.12,
        },
        ["f-2243"] = {
            hash = 2,
            id = "ropes_verticalrope_v1",
            colors = {
                [1] = Color3.new(0.505882,0.466667,0.443137),
            },
            was_free = false,
            no_value = true,
            cframe = CFrame.new(-48.5464,33.1117,-11.7136,0.24998,0.933022,-0.258804,-0.965932,0.258795,-9.27597e-06,0.0669683,0.249989,0.96593),
            scale = 2.44,
        },
        ["f-1675"] = {
            hash = 2,
            id = "beam_v1_plain",
            colors = {
                [1] = Color3.new(0.890196,0.870588,0.831373),
            },
            was_free = false,
            no_value = true,
            cframe = CFrame.new(76.8301,20.2378,-24.8,0,1,-0,-1,0,0,0,0,1),
            scale = 0.64,
        },
        ["f-328"] = {
            hash = 2,
            id = "smallplate",
            colors = {
                [1] = Color3.new(0.384314,0.388235,0.407843),
            },
            was_free = false,
            no_value = true,
            cframe = CFrame.new(-7.28244,22.0387,-55.7318,-0.5737,0.0130341,0.818962,-0.0356608,-0.999323,-0.00907651,0.818289,-0.034412,0.573777),
            scale = 1.56,
        },
        ["f-2079"] = {
            hash = 2,
            id = "torus_v3_plain",
            colors = {
                [1] = Color3.new(0.427451,0.380392,0.34902),
            },
            was_free = false,
            no_value = true,
            cframe = CFrame.new(53.5239,20.197,-134.492,1,0,0,0,1,0,0,0,1),
            scale = 0.12,
        },
        ["f-2501"] = {
            hash = 2,
            id = "medium_disk",
            colors = {
                [1] = Color3.new(0.25098,0.25098,0.258824),
            },
            was_free = false,
            no_value = true,
            cframe = CFrame.new(-7.34673,24.294,-57.6029,0.196686,0.734214,-0.649803,-0.96594,0.258767,5.69224e-06,0.168152,0.62767,0.760102),
            scale = 0.15,
        },
        ["f-1000"] = {
            hash = 2,
            id = "sphere_v3_plain",
            colors = {
                [1] = Color3.new(0.780392,0.729412,0.627451),
            },
            was_free = false,
            no_value = true,
            cframe = CFrame.new(37.2635,38.0034,-115.078,0.999995,0,0.00319391,0,1,0,-0.00319391,0,0.999995),
            scale = 0.23,
        },
        ["f-2867"] = {
            hash = 2,
            id = "mound",
            colors = {
                [1] = Color3.new(0.490196,0.509804,0.415686),
            },
            was_free = false,
            no_value = true,
            cframe = CFrame.new(34.0388,34.1001,-118.4,8.34465e-07,1,-9.68575e-08,0.97469,-8.34465e-07,-0.223561,-0.223561,9.68575e-08,-0.97469),
            scale = 0.32,
        },
        ["f-3027"] = {
            hash = 2,
            id = "brick",
            colors = {
                [1] = Color3.new(0.501961,0.423529,0.376471),
            },
            was_free = false,
            no_value = true,
            cframe = CFrame.new(22.9016,19.2993,-120.853,0,0,1,-1,0,0,0,-1,0),
            scale = 0.55,
        },
        ["f-698"] = {
            hash = 2,
            id = "reclaimed_2023_planter",
            colors = {
                [1] = Color3.new(0.490196,0.509804,0.415686),
                [2] = Color3.new(0.490196,0.509804,0.415686),
                [3] = Color3.new(0.490196,0.509804,0.415686),
                [4] = Color3.new(0.490196,0.509804,0.415686),
                [5] = Color3.new(0.490196,0.509804,0.415686),
                [6] = Color3.new(0.490196,0.509804,0.415686),
            },
            was_free = false,
            no_value = true,
            cframe = CFrame.new(57.7511,27.0193,-137.27,0.000245631,-1,-4.23491e-05,0.258795,2.26498e-05,0.965932,-0.965932,-0.000248224,0.258795),
            scale = 0.75,
        },
        ["f-2060"] = {
            hash = 2,
            id = "beam_v1_wood",
            colors = {
                [1] = Color3.new(0.466667,0.411765,0.372549),
            },
            was_free = false,
            no_value = true,
            cframe = CFrame.new(-43.6777,26.5487,-14.6492,-5.1856e-05,0.259018,-0.965872,1,5.19156e-05,-3.98159e-05,3.98159e-05,-0.965872,-0.259018),
            scale = 0.65,
        },
        ["f-1231"] = {
            hash = 2,
            id = "mound",
            colors = {
                [1] = Color3.new(0.552941,0.537255,0.537255),
            },
            was_free = false,
            no_value = true,
            cframe = CFrame.new(40.7998,16.0178,-73.2002,0.70753,-0,-0.706683,0,1,-0,0.706683,0,0.70753),
            scale = 0.15,
        },
        ["f-2413"] = {
            hash = 2,
            id = "roof_high_v2_plain",
            colors = {
                [1] = Color3.new(0.45098,0.396078,0.360784),
            },
            was_free = false,
            no_value = true,
            cframe = CFrame.new(52.5678,38.3611,-106.299,-1.26362e-05,0.25877,-0.965939,1.66893e-06,0.965939,0.25877,1,1.66893e-06,-1.26362e-05),
            scale = 0.95,
        },
        ["f-2783"] = {
            hash = 2,
            id = "woodbowl",
            colors = {
                [1] = Color3.new(0.796078,0.741176,0.709804),
            },
            was_free = false,
            no_value = true,
            cframe = CFrame.new(44.3224,16.978,-132.08,1,0,0,0,1,0,0,0,1),
            scale = 1,
        },
        ["f-433"] = {
            hash = 2,
            id = "driftwood_lamp",
            on = true,
            colors = {
                [1] = Color3.new(0.105882,0.164706,0.207843),
                [2] = Color3.new(1,1,0.321569),
                [3] = Color3.new(1,1,0.321569),
            },
            was_free = false,
            no_value = true,
            cframe = CFrame.new(16,37.0719,-106.409,1,0,0,0,0.707134,-0.707079,0,0.707079,0.707134),
            scale = 0.05,
        },
        ["f-2895"] = {
            hash = 2,
            id = "roof_high_v2_plain",
            colors = {
                [1] = Color3.new(0.45098,0.396078,0.360784),
            },
            was_free = false,
            no_value = true,
            cframe = CFrame.new(29.4121,30.625,-131.898,0,0,1,0,1,-0,-1,0,0),
            scale = 0.95,
        },
        ["f-315"] = {
            hash = 2,
            id = "roof_high_v2_plain",
            colors = {
                [1] = Color3.new(0.45098,0.396078,0.360784),
            },
            was_free = false,
            no_value = true,
            cframe = CFrame.new(29.4121,30.625,-122.898,0,0,1,0,1,-0,-1,0,0),
            scale = 0.95,
        },
        ["f-3226"] = {
            hash = 2,
            id = "trim_v3_bottom_plain",
            colors = {
                [1] = Color3.new(0.509804,0.454902,0.415686),
            },
            was_free = false,
            no_value = true,
            cframe = CFrame.new(52.4998,31.0999,-102.911,0,0,1,-1,0,0,0,-1,0),
            scale = 0.59,
        },
        ["f-1399"] = {
            hash = 2,
            id = "reclaimed_2023_planter",
            colors = {
                [1] = Color3.new(0.490196,0.509804,0.415686),
                [2] = Color3.new(0.490196,0.509804,0.415686),
                [3] = Color3.new(0.490196,0.509804,0.415686),
                [4] = Color3.new(0.490196,0.509804,0.415686),
                [5] = Color3.new(0.490196,0.509804,0.415686),
                [6] = Color3.new(0.356863,0.364706,0.411765),
            },
            was_free = false,
            no_value = true,
            cframe = CFrame.new(11.6006,34.7145,-106.149,-1,0,0,0,0.707134,0.707079,0,0.707079,-0.707134),
            scale = 0.78,
        },
        ["f-2917"] = {
            hash = 2,
            id = "beam_v1_plain",
            colors = {
                [1] = Color3.new(0.839216,0.662745,0.65098),
            },
            was_free = false,
            no_value = true,
            cframe = CFrame.new(79.4501,20.3379,-18.82,0,0,-1,-1,0,0,0,1,0),
            scale = 0.64,
        },
        ["f-2709"] = {
            hash = 2,
            id = "beam_v3_plain",
            colors = {
                [1] = Color3.new(0.580392,0.513726,0.478431),
            },
            was_free = false,
            no_value = true,
            cframe = CFrame.new(52.2611,19.9257,-134.501,0.743157,-3.94881e-05,-0.669117,-0.669117,-0.000102878,-0.743157,-3.94881e-05,1,-0.000102878),
            scale = 0.19,
        },
        ["f-3055"] = {
            hash = 2,
            id = "brick",
            colors = {
                [1] = Color3.new(0.482353,0.396078,0.341176),
            },
            was_free = false,
            no_value = true,
            cframe = CFrame.new(19.7016,17.9993,-120.853,0,0,1,-1,0,0,0,-1,0),
            scale = 0.55,
        },
        ["f-3179"] = {
            hash = 2,
            id = "mound",
            colors = {
                [1] = Color3.new(0.490196,0.509804,0.415686),
            },
            was_free = false,
            no_value = true,
            cframe = CFrame.new(-49,13.8696,-86,-0.966244,0,-0.257627,0,1,0,0.257627,0,-0.966244),
            scale = 4.44,
        },
        ["f-1540"] = {
            hash = 2,
            id = "brick",
            colors = {
                [1] = Color3.new(0.564706,0.501961,0.462745),
            },
            was_free = false,
            no_value = true,
            cframe = CFrame.new(4.8627,16.6997,-113.313,0,-1,-0,-1,0,-0,0,0,-1),
            scale = 0.55,
        },
        ["f-635"] = {
            hash = 2,
            id = "torus_v3_plain",
            colors = {
                [1] = Color3.new(0.392157,0.356863,0.329412),
            },
            was_free = false,
            no_value = true,
            cframe = CFrame.new(79.4025,23.0197,-24.7869,-0.765163,-0.538497,0.352914,-0.0628184,-0.483085,-0.873318,0.640766,-0.690399,0.33581),
            scale = 0.3,
        },
        ["f-1547"] = {
            hash = 2,
            id = "trim_v3_top_plain",
            colors = {
                [1] = Color3.new(0.894118,0.866667,0.811765),
            },
            was_free = false,
            no_value = true,
            cframe = CFrame.new(9.46211,28.063,-103.925,1,0,0,0,0,-1,0,1,0),
            scale = 0.65,
        },
        ["f-418"] = {
            hash = 2,
            id = "mound",
            colors = {
                [1] = Color3.new(0.490196,0.509804,0.415686),
            },
            was_free = false,
            no_value = true,
            cframe = CFrame.new(56,32.5,-142.4,-0.912793,-3.99351e-06,-0.408422,0.408422,-1.87159e-05,-0.912793,-3.99351e-06,-1,1.87159e-05),
            scale = 1.2,
        },
        ["f-1044"] = {
            hash = 2,
            id = "reclaimed_2023_planter",
            colors = {
                [1] = Color3.new(0.490196,0.509804,0.415686),
                [2] = Color3.new(0.490196,0.509804,0.415686),
                [3] = Color3.new(0.490196,0.509804,0.415686),
                [4] = Color3.new(0.490196,0.509804,0.415686),
                [5] = Color3.new(0.490196,0.509804,0.415686),
                [6] = Color3.new(0.356863,0.364706,0.411765),
            },
            was_free = false,
            no_value = true,
            cframe = CFrame.new(52.1678,39.6666,-103.009,-0.259018,5.70416e-05,0.965872,0.965872,-0.000126123,0.259018,0.000136673,1,-2.24113e-05),
            scale = 0.38,
        },
        ["f-159"] = {
            hash = 2,
            id = "sphere_v3_plain",
            colors = {
                [1] = Color3.new(0.886275,0.862745,0.819608),
            },
            was_free = false,
            no_value = true,
            cframe = CFrame.new(26.5006,14.7236,-16.5,1,0,0,0,1,0,0,0,1),
            scale = 0.14,
        },
        ["f-1189"] = {
            hash = 2,
            id = "driftwood_lamp",
            on = true,
            colors = {
                [1] = Color3.new(0.105882,0.164706,0.207843),
                [2] = Color3.new(1,1,0.321569),
                [3] = Color3.new(1,1,0.321569),
            },
            was_free = false,
            no_value = true,
            cframe = CFrame.new(47.2998,20.0686,-64.6001,1,0,0,0,1,0,0,0,1),
            scale = 0.05,
        },
        ["f-1297"] = {
            hash = 2,
            id = "torus_v3_plain",
            colors = {
                [1] = Color3.new(0.823529,0.796078,0.74902),
            },
            was_free = false,
            no_value = true,
            cframe = CFrame.new(42.0785,23.2498,-135.052,-4.72069e-05,-0.669088,0.743184,1,-4.72069e-05,2.10106e-05,2.10106e-05,0.743184,0.669088),
            scale = 0.15,
        },
        ["f-1360"] = {
            hash = 2,
            id = "trim_v3_top_plain",
            colors = {
                [1] = Color3.new(0.807843,0.780392,0.698039),
            },
            was_free = false,
            no_value = true,
            cframe = CFrame.new(12.6,18.8,-105.675,0,0,1,-1,0,0,0,-1,0),
            scale = 0.35,
        },
        ["f-2076"] = {
            hash = 2,
            id = "lightbulb",
            on = true,
            colors = {
                [1] = Color3.new(0.564706,0.588235,0.47451),
                [2] = Color3.new(0.564706,0.592157,0.458824),
                [3] = Color3.new(0.203922,0.556863,0.25098),
            },
            was_free = false,
            no_value = true,
            cframe = CFrame.new(29.2006,19.4011,-48.2998,-1,0,0,0,-1,0,0,0,1),
            scale = 1,
        },
        ["f-899"] = {
            hash = 2,
            id = "ropes_verticalrope_v1",
            colors = {
                [1] = Color3.new(0.564706,0.482353,0.435294),
            },
            was_free = false,
            no_value = true,
            cframe = CFrame.new(23.2,30.5298,-114.1,0,0,1,1,0,0,0,1,0),
            scale = 1,
        },
        ["f-3146"] = {
            hash = 2,
            id = "sphere_v3_plain",
            colors = {
                [1] = Color3.new(0.894118,0.866667,0.811765),
            },
            was_free = false,
            no_value = true,
            cframe = CFrame.new(33.3116,28.9876,-137.944,0.190737,-7.69645e-05,-0.981641,-0.254052,0.965926,-0.0494389,0.948197,0.258817,0.184218),
            scale = 0.08,
        },
        ["f-2849"] = {
            hash = 2,
            id = "basicmirror",
            colors = {
                [1] = Color3.new(0.639216,0.635294,0.647059),
            },
            was_free = false,
            no_value = true,
            cframe = CFrame.new(24.7085,6.09998,-4.80005,0,1,0,0,0,1,1,0,0),
            scale = 0.58,
        },
        ["f-1674"] = {
            hash = 2,
            id = "column_v1_wood",
            colors = {
                [1] = Color3.new(0.568627,0.501961,0.376471),
            },
            was_free = false,
            no_value = true,
            cframe = CFrame.new(-22.998,18.204,-120.756,0.965932,-0.249973,-0.0670034,0.258797,0.933026,0.249973,2.93739e-05,-0.258797,0.965932),
            scale = 0.4,
        },
        ["f-2972"] = {
            hash = 2,
            id = "sphere_v3_plain",
            colors = {
                [1] = Color3.new(0.894118,0.866667,0.811765),
            },
            was_free = false,
            no_value = true,
            cframe = CFrame.new(27.251,27.6355,-125.05,1,0,0,0,1,0,0,0,1),
            scale = 0.08,
        },
        ["f-2365"] = {
            hash = 2,
            id = "queenslander_door_frame",
            colors = {
                [1] = Color3.new(0.509804,0.454902,0.415686),
            },
            was_free = false,
            no_value = true,
            cframe = CFrame.new(56.2002,22.0776,-118.159,1,1.86846e-05,8.42756e-05,1.86846e-05,0.906297,-0.422642,-8.42756e-05,0.422642,0.906297),
            scale = 0.4,
        },
        ["f-3107"] = {
            hash = 2,
            id = "bowl",
            colors = {
                [1] = Color3.new(0.564706,0.47451,0.584314),
            },
            was_free = false,
            no_value = true,
            cframe = CFrame.new(37.3292,39.6924,-114.74,-0.304608,0.739176,0.600694,0.171179,0.66288,-0.728895,-0.936969,-0.119201,-0.32845),
            scale = 0.46,
        },
        ["f-2757"] = {
            hash = 2,
            id = "smalltable",
            colors = {
                [1] = Color3.new(0.486275,0.360784,0.27451),
            },
            was_free = false,
            no_value = true,
            cframe = CFrame.new(3.7998,0,-30.5,1,0,0,0,1,0,0,0,1),
            scale = 1,
        },
        ["f-2764"] = {
            hash = 2,
            id = "mound",
            colors = {
                [1] = Color3.new(0.490196,0.509804,0.415686),
            },
            was_free = false,
            no_value = true,
            cframe = CFrame.new(47.7606,16.33,-55.2874,-0.258862,-0.233611,-0.937239,5.06341e-05,0.970309,-0.241868,0.965914,-0.0626579,-0.251164),
            scale = 1.53,
        },
        ["f-1859"] = {
            hash = 2,
            id = "beam_v1_plain",
            colors = {
                [1] = Color3.new(0.67451,0.639216,0.572549),
            },
            was_free = false,
            no_value = true,
            cframe = CFrame.new(29.3242,26.7918,-101.9,0,1,0,0,0,-1,-1,0,0),
            scale = 0.15,
        },
        ["f-1381"] = {
            hash = 2,
            id = "column_v1_plain",
            colors = {
                [1] = Color3.new(0.894118,0.866667,0.811765),
            },
            was_free = false,
            no_value = true,
            cframe = CFrame.new(36.5002,21.7434,-94.2002,1,0,0,0,1,0,0,0,1),
            scale = 0.5,
        },
        ["f-2329"] = {
            hash = 2,
            id = "flatbook",
            colors = {
                [1] = Color3.new(0.156863,0.498039,0.278431),
                [2] = Color3.new(0.972549,0.972549,0.972549),
            },
            was_free = false,
            no_value = true,
            cframe = CFrame.new(4.5,2.26953,-30.6,1,0,0,0,1,0,0,0,1),
            scale = 1,
        },
        ["f-2287"] = {
            hash = 2,
            id = "stubby_pumpkin",
            colors = {
                [1] = Color3.new(0.811765,0.764706,0.682353),
                [2] = Color3.new(0.729412,0.690196,0.623529),
            },
            was_free = false,
            no_value = true,
            cframe = CFrame.new(40.2608,20.4259,-131.182,-0.309052,0.887868,0.340849,-0.951046,-0.288528,-0.110747,1.60486e-05,-0.358389,0.933572),
            scale = 0.59,
        },
        ["f-1172"] = {
            hash = 2,
            id = "tinystylishtree",
            colors = {
                [1] = Color3.new(0.572549,0.6,0.47451),
                [2] = Color3.new(0.572549,0.6,0.47451),
                [3] = Color3.new(0.572549,0.6,0.47451),
                [4] = Color3.new(0.572549,0.6,0.47451),
            },
            was_free = false,
            no_value = true,
            cframe = CFrame.new(28.7168,16.0994,-101.436,1,0,0,0,1,0,0,0,1),
            scale = 1.45,
        },
        ["f-1934"] = {
            hash = 2,
            id = "brick",
            colors = {
                [1] = Color3.new(0.564706,0.501961,0.462745),
            },
            was_free = false,
            no_value = true,
            cframe = CFrame.new(7.50117,16.7,-102.676,0,0,-1,-1,0,0,0,1,0),
            scale = 0.55,
        },
        ["f-642"] = {
            hash = 2,
            id = "brick",
            colors = {
                [1] = Color3.new(0.701961,0.619608,0.568627),
            },
            was_free = false,
            no_value = true,
            cframe = CFrame.new(4.96289,20.5999,-110.214,0,-1,-0,-1,0,-0,0,0,-1),
            scale = 0.55,
        },
        ["f-3265"] = {
            hash = 2,
            id = "round_wall_v3_plain",
            colors = {
                [1] = Color3.new(0.596078,0.627451,0.482353),
            },
            was_free = false,
            no_value = true,
            cframe = CFrame.new(3.94675,14.9959,-24.8086,0,1,0,0,0,1,1,0,0),
            scale = 0.2,
        },
        ["f-2774"] = {
            hash = 2,
            id = "beam_v1_plain",
            colors = {
                [1] = Color3.new(0.894118,0.866667,0.811765),
            },
            was_free = false,
            no_value = true,
            cframe = CFrame.new(50.0127,44.5858,-99.7589,-8.03471e-05,-0.70706,-0.707153,1,-8.03471e-05,-3.32892e-05,-3.32892e-05,-0.707153,0.70706),
            scale = 0.35,
        },
        ["f-1266"] = {
            hash = 2,
            id = "tinystylishtree",
            colors = {
                [1] = Color3.new(0.572549,0.6,0.47451),
                [2] = Color3.new(0.572549,0.6,0.47451),
                [3] = Color3.new(0.572549,0.6,0.47451),
                [4] = Color3.new(0.572549,0.6,0.47451),
            },
            was_free = false,
            no_value = true,
            cframe = CFrame.new(36.3664,18.2234,-94.1875,1,0,0,0,1,0,0,0,1),
            scale = 0.9,
        },
        ["f-1292"] = {
            hash = 2,
            id = "reclaimed_2023_planter",
            colors = {
                [1] = Color3.new(0.490196,0.509804,0.415686),
                [2] = Color3.new(0.490196,0.509804,0.415686),
                [3] = Color3.new(0.490196,0.509804,0.415686),
                [4] = Color3.new(0.490196,0.509804,0.415686),
                [5] = Color3.new(0.490196,0.509804,0.415686),
                [6] = Color3.new(0.490196,0.509804,0.415686),
            },
            was_free = false,
            no_value = true,
            cframe = CFrame.new(25.2408,28.0403,-134.867,4.05312e-05,1,4.70877e-05,-0.5,-2.0504e-05,0.866025,0.866025,-5.86212e-05,0.5),
            scale = 0.5,
        },
        ["f-1177"] = {
            hash = 2,
            id = "mound",
            colors = {
                [1] = Color3.new(0.490196,0.509804,0.415686),
            },
            was_free = false,
            no_value = true,
            cframe = CFrame.new(46.8,31.6946,-111.2,-1,0,0,0,-1,0,0,0,1),
            scale = 0.73,
        },
        ["f-740"] = {
            hash = 2,
            id = "ropes_verticalrope_v2",
            colors = {
                [1] = Color3.new(0.278431,0.247059,0.227451),
            },
            was_free = false,
            no_value = true,
            cframe = CFrame.new(40.0598,26.8001,13.5526,-8.03471e-05,0.70706,0.707153,-1,-8.03471e-05,-3.32892e-05,3.32892e-05,-0.707153,0.70706),
            scale = 1.95,
        },
        ["f-1735"] = {
            hash = 2,
            id = "wall_tall_plain",
            colors = {
                [1] = Color3.new(0.843137,0.807843,0.737255),
            },
            was_free = false,
            no_value = true,
            cframe = CFrame.new(61.0996,18.0935,-144,0,0,1,1,0,0,0,1,0),
            scale = 1,
        },
        ["f-2523"] = {
            hash = 2,
            id = "stairs_v1_wood",
            colors = {
                [1] = Color3.new(0.45098,0.396078,0.360784),
            },
            was_free = false,
            no_value = true,
            cframe = CFrame.new(58.2998,23.9497,-122.545,-1,0,0,0,1,0,0,0,-1),
            scale = 1,
        },
        ["f-165"] = {
            hash = 2,
            id = "floor_plain",
            colors = {
                [1] = Color3.new(0.572549,0.6,0.47451),
            },
            was_free = false,
            no_value = true,
            cframe = CFrame.new(49,6.94336,-81,1,0,0,0,1,0,0,0,1),
            scale = 6.1,
        },
        ["f-978"] = {
            hash = 2,
            id = "queenslander_wall_straight",
            colors = {
                [1] = Color3.new(0.509804,0.454902,0.415686),
                [2] = Color3.new(0.509804,0.454902,0.415686),
            },
            was_free = false,
            no_value = true,
            cframe = CFrame.new(53.3509,17.45,-103.4,0,0,-1,0,1,0,1,0,0),
            scale = 1,
        },
        ["f-1747"] = {
            hash = 2,
            id = "ropes_verticalrope_v1",
            colors = {
                [1] = Color3.new(0.396078,0.345098,0.309804),
            },
            was_free = false,
            no_value = true,
            cframe = CFrame.new(54.6038,24.2497,-128.5,0,1,-0,-1,0,0,0,0,1),
            scale = 0.4,
        },
        ["f-2057"] = {
            hash = 2,
            id = "sphere_v3_wood",
            colors = {
                [1] = Color3.new(0.509804,0.454902,0.415686),
            },
            was_free = false,
            no_value = true,
            cframe = CFrame.new(44.4,37.6565,-130.4,0,0,1,0,1,-0,-1,0,0),
            scale = 0.25,
        },
        ["f-578"] = {
            hash = 2,
            id = "column_v1_wood",
            colors = {
                [1] = Color3.new(0.505882,0.466667,0.443137),
            },
            was_free = false,
            no_value = true,
            cframe = CFrame.new(-45.8327,30.4486,-10.923,-7.64132e-05,-0.965875,-0.259008,1,-7.64132e-05,-1.00732e-05,-1.00732e-05,-0.259008,0.965875),
            scale = 0.45,
        },
        ["f-505"] = {
            hash = 2,
            id = "queenslander_paradise_plant",
            colors = {
                [1] = Color3.new(0.333333,0.509804,0.741176),
                [2] = Color3.new(0.572549,0.6,0.47451),
                [3] = Color3.new(0.572549,0.6,0.47451),
                [4] = Color3.new(0.337255,0.247059,0.188235),
                [5] = Color3.new(0.545098,0.403922,0.305882),
            },
            was_free = false,
            no_value = true,
            cframe = CFrame.new(43.3729,11.7298,-45.3027,0.866007,0,0.500031,0,1,0,-0.500031,0,0.866007),
            scale = 1.67,
        },
        ["f-3160"] = {
            hash = 2,
            id = "round_wall_v3_plain",
            colors = {
                [1] = Color3.new(0.596078,0.627451,0.482353),
            },
            was_free = false,
            no_value = true,
            cframe = CFrame.new(32.0632,14.8967,-14.6099,0.866072,0.49992,-8.92431e-05,2.86549e-05,0.000128925,1,0.49992,-0.866072,9.73344e-05),
            scale = 0.35,
        },
        ["f-395"] = {
            hash = 2,
            id = "reclaimed_2023_planter",
            colors = {
                [1] = Color3.new(0.490196,0.509804,0.415686),
                [2] = Color3.new(0.490196,0.509804,0.415686),
                [3] = Color3.new(0.490196,0.509804,0.415686),
                [4] = Color3.new(0.490196,0.509804,0.415686),
                [5] = Color3.new(0.490196,0.509804,0.415686),
                [6] = Color3.new(0.356863,0.364706,0.411765),
            },
            was_free = false,
            no_value = true,
            cframe = CFrame.new(44.9399,52.5446,-105.015,0.965859,5.14686e-05,-0.259068,-0.259068,-7.65324e-05,-0.965859,-6.95288e-05,1,-6.05583e-05),
            scale = 1.03,
        },
        ["f-2343"] = {
            hash = 2,
            id = "ropes_verticalrope_v1",
            colors = {
                [1] = Color3.new(0.223529,0.231373,0.239216),
            },
            was_free = false,
            no_value = true,
            cframe = CFrame.new(-6.03382,24.2724,-59.592,-0.706688,0.0244968,0.707102,-0.0346697,-0.999399,-2.61916e-05,0.706676,-0.0245335,0.707112),
            scale = 0.54,
        },
        ["f-3291"] = {
            hash = 2,
            id = "mound",
            colors = {
                [1] = Color3.new(0.572549,0.6,0.47451),
            },
            was_free = false,
            no_value = true,
            cframe = CFrame.new(38,37.3,-102.33,-0.0692866,1.13547e-05,-0.997597,-0.997597,-1.21593e-05,0.0692866,-1.13547e-05,1,1.21593e-05),
            scale = 0.66,
        },
        ["f-610"] = {
            hash = 2,
            id = "bowl",
            colors = {
                [1] = Color3.new(0.623529,0.462745,0.45098),
            },
            was_free = false,
            no_value = true,
            cframe = CFrame.new(42.618,51.6332,-101.725,0.976485,-0.0359406,0.212567,0.211412,-0.0333905,-0.976826,0.0422054,0.998796,-0.0250071),
            scale = 0.62,
        },
        ["f-2868"] = {
            hash = 2,
            id = "beam_v1_plain",
            colors = {
                [1] = Color3.new(0.745098,0.713726,0.643137),
            },
            was_free = false,
            no_value = true,
            cframe = CFrame.new(58.5006,19.1938,-101.9,0,-1,0,0,0,1,-1,0,0),
            scale = 0.2,
        },
        ["f-2635"] = {
            hash = 2,
            id = "tinystylishtree",
            colors = {
                [1] = Color3.new(0.572549,0.6,0.47451),
                [2] = Color3.new(0.572549,0.6,0.47451),
                [3] = Color3.new(0.572549,0.6,0.47451),
                [4] = Color3.new(0.572549,0.6,0.47451),
            },
            was_free = false,
            no_value = true,
            cframe = CFrame.new(28.7168,17.7776,-101.436,1,0,0,0,1,0,0,0,1),
            scale = 1.57,
        },
        ["f-2257"] = {
            hash = 2,
            id = "beam_v1_plain",
            colors = {
                [1] = Color3.new(0.745098,0.713726,0.643137),
            },
            was_free = false,
            no_value = true,
            cframe = CFrame.new(61.5996,30.2937,-101.9,0,-1,0,0,0,1,-1,0,0),
            scale = 0.2,
        },
        ["f-2614"] = {
            hash = 2,
            id = "queenslander_wall_straight",
            colors = {
                [1] = Color3.new(0.509804,0.454902,0.415686),
                [2] = Color3.new(0.509804,0.454902,0.415686),
            },
            was_free = false,
            no_value = true,
            cframe = CFrame.new(50.2998,31.6897,-141.5,0,0,1,0,1,-0,-1,0,0),
            scale = 1,
        },
        ["f-1950"] = {
            hash = 2,
            id = "brick",
            colors = {
                [1] = Color3.new(0.564706,0.458824,0.396078),
            },
            was_free = false,
            no_value = true,
            cframe = CFrame.new(13.1016,16.6996,-120.853,0,0,1,-1,0,0,0,-1,0),
            scale = 0.55,
        },
        ["f-1129"] = {
            hash = 2,
            id = "tinysquaretree",
            colors = {
                [1] = Color3.new(0.647059,0.666667,0.568627),
                [2] = Color3.new(0.572549,0.6,0.47451),
                [3] = Color3.new(0.498039,0.439216,0.403922),
                [4] = Color3.new(0.572549,0.6,0.47451),
            },
            was_free = false,
            no_value = true,
            cframe = CFrame.new(99.4004,0.665771,-29.5,1,0,0,0,1,0,0,0,1),
            scale = 23.82,
        },
        ["f-1973"] = {
            hash = 2,
            id = "wall_tall_plain",
            colors = {
                [1] = Color3.new(0.713726,0.584314,0.576471),
            },
            was_free = false,
            no_value = true,
            cframe = CFrame.new(-18.9558,32.5724,-72.1779,0.683114,0.183039,0.707002,-0.258812,0.965928,-5.61774e-06,-0.682914,-0.182977,0.707212),
            scale = 0.11,
        },
        ["f-182"] = {
            hash = 2,
            id = "crate",
            colors = {
                [1] = Color3.new(0.486275,0.360784,0.27451),
                [2] = Color3.new(0.560784,0.411765,0.317647),
            },
            was_free = false,
            no_value = true,
            cframe = CFrame.new(33.5,0,-29.5,1,0,0,0,1,0,0,0,1),
            scale = 1,
        },
        ["f-1318"] = {
            hash = 2,
            id = "brick",
            colors = {
                [1] = Color3.new(0.482353,0.396078,0.341176),
            },
            was_free = false,
            no_value = true,
            cframe = CFrame.new(4.96289,19.2998,-108.614,0,-1,-0,-1,0,-0,0,0,-1),
            scale = 0.55,
        },
        ["f-2266"] = {
            hash = 2,
            id = "queenslander_wall_straight",
            colors = {
                [1] = Color3.new(0.509804,0.454902,0.415686),
                [2] = Color3.new(0.509804,0.454902,0.415686),
            },
            was_free = false,
            no_value = true,
            cframe = CFrame.new(51.1,31.6897,-103.4,0,0,-1,0,1,0,1,0,0),
            scale = 1,
        },
        ["f-1889"] = {
            hash = 2,
            id = "smallcandlestick",
            colors = {
                [1] = Color3.new(0.733333,0.670588,0.552941),
                [2] = Color3.new(0.905882,0.905882,0.92549),
                [3] = Color3.new(1,0.45098,0),
                [4] = Color3.new(1,0.870588,0.388235),
                [5] = Color3.new(1,0.968627,0),
            },
            was_free = false,
            no_value = true,
            cframe = CFrame.new(39.5,23.1963,-140.4,1,0,0,0,1,0,0,0,1),
            scale = 0.6,
        },
        ["f-1336"] = {
            hash = 2,
            id = "column_v1_wood",
            colors = {
                [1] = Color3.new(0.396078,0.345098,0.309804),
            },
            was_free = false,
            no_value = true,
            cframe = CFrame.new(39.1251,23.3137,-103.2,0,-1,0,1,0,-0,0,0,1),
            scale = 0.35,
        },
        ["f-1124"] = {
            hash = 2,
            id = "reclaimed_2023_planter",
            colors = {
                [1] = Color3.new(0.572549,0.6,0.47451),
                [2] = Color3.new(0.572549,0.6,0.47451),
                [3] = Color3.new(0.572549,0.6,0.47451),
                [4] = Color3.new(0.572549,0.6,0.47451),
                [5] = Color3.new(0.572549,0.6,0.47451),
                [6] = Color3.new(0.356863,0.364706,0.411765),
            },
            was_free = false,
            no_value = true,
            cframe = CFrame.new(23,12.8408,15.0996,-0.499959,0,-0.866049,0,1,0,0.866049,0,-0.499959),
            scale = 2.31,
        },
        ["f-618"] = {
            hash = 2,
            id = "queenslander_paradise_plant",
            colors = {
                [1] = Color3.new(0.333333,0.509804,0.741176),
                [2] = Color3.new(0.572549,0.6,0.47451),
                [3] = Color3.new(0.572549,0.6,0.47451),
                [4] = Color3.new(0.337255,0.247059,0.188235),
                [5] = Color3.new(0.545098,0.403922,0.305882),
            },
            was_free = false,
            no_value = true,
            cframe = CFrame.new(-20.6434,12.3906,-43.3145,-0.974367,0,-0.224967,0,1,0,0.224967,0,-0.974367),
            scale = 1.95,
        },
        ["f-2207"] = {
            hash = 2,
            id = "beam_v1_plain",
