return {
    furniture = {
        ["f-2103"] = {
            hash = 2,
            id = "trim_v3_bottom_plain",
            colors = {
                [1] = Color3.new(0.509804,0.454902,0.415686),
            },
            was_free = false,
            no_value = true,
            cframe = CFrame.new(33.9067,42,-127.1,0,1,0,1,0,0,0,0,-1),
            scale = 0.69,
        },
        ["f-2602"] = {
            hash = 2,
            id = "flatbook",
            colors = {
                [1] = Color3.new(0.156863,0.498039,0.278431),
                [2] = Color3.new(0.972549,0.972549,0.972549),
            },
            was_free = false,
            no_value = true,
            cframe = CFrame.new(4.5,2.26953,-30.6,1,0,0,0,1,0,0,0,1),
            scale = 1,
        },
        ["f-2572"] = {
            hash = 2,
            id = "scary_2021_tall_potion_mushroom",
            colors = {
                [1] = Color3.new(0.254902,0.278431,0.294118),
                [2] = Color3.new(0.458824,0.411765,0.372549),
                [3] = Color3.new(0.992157,0.984314,1),
            },
            was_free = false,
            no_value = true,
            cframe = CFrame.new(-6.10291,16.5744,-52.6801,0.491397,0.868355,-0.0670028,-0.0255287,-0.0625378,-0.997716,-0.870561,0.491985,-0.00856292),
            scale = 0.3,
        },
        ["f-1726"] = {
            hash = 2,
            id = "wall_short_plain",
            colors = {
                [1] = Color3.new(0.564706,0.482353,0.435294),
            },
            was_free = false,
            no_value = true,
            cframe = CFrame.new(17.2,18.1997,-105.7,1,0,0,0,1,0,0,0,1),
            scale = 0.7,
        },
        ["f-2520"] = {
            hash = 2,
            id = "normalsink",
            colors = {
                [1] = Color3.new(0.431373,0.6,0.792157),
                [2] = Color3.new(0.792157,0.796078,0.819608),
            },
            was_free = false,
            no_value = true,
            cframe = CFrame.new(27,0,-5,0,0,-1,0,1,0,1,0,0),
            scale = 1,
        },
        ["f-2789"] = {
            hash = 2,
            id = "medium_disk",
            colors = {
                [1] = Color3.new(0.380392,0.345098,0.32549),
            },
            was_free = false,
            no_value = true,
            cframe = CFrame.new(31.7668,16.4224,-3.34766,-0.602257,-0.798302,3.98755e-05,3.98755e-05,-8.02279e-05,-1,0.798302,-0.602257,7.98702e-05),
            scale = 0.07,
        },
        ["f-189"] = {
            hash = 2,
            id = "mound",
            colors = {
                [1] = Color3.new(0.490196,0.509804,0.415686),
            },
            was_free = false,
            no_value = true,
            cframe = CFrame.new(38.3999,46.1396,-139.6,0.500822,0,-0.86555,0,-1,-0,-0.86555,0,-0.500822),
            scale = 0.62,
        },
        ["f-2898"] = {
            hash = 2,
            id = "beam_v1_plain",
            colors = {
                [1] = Color3.new(0.67451,0.639216,0.572549),
            },
            was_free = false,
            no_value = true,
            cframe = CFrame.new(29.3986,33.8921,-101.9,0,1,0,0,0,-1,-1,0,0),
            scale = 0.2,
        },
        ["f-1586"] = {
            hash = 2,
            id = "mound",
            colors = {
                [1] = Color3.new(0.572549,0.6,0.47451),
            },
            was_free = false,
            no_value = true,
            cframe = CFrame.new(51.3385,17.0911,-100.651,0,1,-0,-1,0,0,0,0,1),
            scale = 0.35,
        },
        ["f-1127"] = {
            hash = 2,
            id = "fancytrashcan",
            colors = {
                [1] = Color3.new(0.654902,0.545098,0.486275),
            },
            was_free = false,
            no_value = true,
            cframe = CFrame.new(24.4751,18.1313,-116.333,-0.463036,-0.00998212,0.886284,0.0176595,0.999634,0.0204849,-0.886164,0.0251366,-0.46269),
            scale = 0.77,
        },
        ["f-340"] = {
            hash = 2,
            id = "ropes_verticalrope_v1",
            colors = {
                [1] = Color3.new(0.894118,0.866667,0.811765),
            },
            was_free = false,
            no_value = true,
            cframe = CFrame.new(15.2004,28.1936,-103,0,1,-0,-1,0,0,0,0,1),
            scale = 1,
        },
        ["f-2560"] = {
            hash = 2,
            id = "cube_wood",
            colors = {
                [1] = Color3.new(0.427451,0.380392,0.34902),
            },
            was_free = false,
            no_value = true,
            cframe = CFrame.new(17,15.9044,-114.8,1,0,0,0,1,0,0,0,1),
            scale = 0.3,
        },
        ["f-2778"] = {
            hash = 2,
            id = "magic_tall_book_stack",
            colors = {
                [1] = Color3.new(0.521569,0.380392,0.372549),
                [2] = Color3.new(0.494118,0.513726,0.431373),
                [3] = Color3.new(0.333333,0.4,0.384314),
                [4] = Color3.new(0.917647,0.854902,0.776471),
            },
            was_free = false,
            no_value = true,
            cframe = CFrame.new(44.7,33.4037,-141.1,-0.706936,0,0.707277,0,1,0,-0.707277,0,-0.706936),
            scale = 0.79,
        },
        ["f-1987"] = {
            hash = 2,
            id = "floor_long1_wood",
            colors = {
                [1] = Color3.new(0.619608,0.54902,0.509804),
            },
            was_free = false,
            no_value = true,
            cframe = CFrame.new(35.774,36.7239,-104.536,1,0,-0,0,0,1,0,-1,0),
            scale = 0.47,
        },
        ["f-1072"] = {
            hash = 2,
            id = "tinysquaretree",
            colors = {
                [1] = Color3.new(0.647059,0.666667,0.568627),
                [2] = Color3.new(0.572549,0.6,0.47451),
                [3] = Color3.new(0.498039,0.439216,0.403922),
                [4] = Color3.new(0.572549,0.6,0.47451),
            },
            was_free = false,
            no_value = true,
            cframe = CFrame.new(85.4004,8.66577,-148.5,0.707134,-0,-0.707079,0,1,-0,0.707079,0,0.707134),
            scale = 23.82,
        },
        ["f-2346"] = {
            hash = 2,
            id = "plate",
            colors = {
                [1] = Color3.new(0.827451,0.670588,0.545098),
            },
            was_free = false,
            no_value = true,
            cframe = CFrame.new(27,16.1702,-15.8786,-1,0,0,0,-0.970287,0.241956,0,0.241956,0.970287),
            scale = 0.5,
        },
        ["f-1160"] = {
            hash = 2,
            id = "trim_v3_top_plain",
            colors = {
                [1] = Color3.new(0.894118,0.866667,0.811765),
            },
            was_free = false,
            no_value = true,
            cframe = CFrame.new(52.4639,26.1624,-102.423,1,0,-0,0,0,1,0,-1,0),
            scale = 0.65,
        },
        ["f-2120"] = {
            hash = 2,
            id = "barrel",
            colors = {
                [1] = Color3.new(0.384314,0.329412,0.298039),
                [2] = Color3.new(0.533333,0.466667,0.423529),
            },
            was_free = false,
            no_value = true,
            cframe = CFrame.new(30,18.1648,-106.8,1,0,0,0,1,0,0,0,1),
            scale = 0.77,
        },
        ["f-3272"] = {
            hash = 2,
            id = "mound",
            colors = {
                [1] = Color3.new(0.572549,0.6,0.47451),
            },
            was_free = false,
            no_value = true,
            cframe = CFrame.new(66.6762,18.5449,-24.3585,0.500132,-0,-0.865949,0,1,-0,0.865949,0,0.500132),
            scale = 1.49,
        },
        ["f-2734"] = {
            hash = 2,
            id = "toilet",
            colors = {
                [1] = Color3.new(0.972549,0.972549,0.972549),
            },
            was_free = false,
            no_value = true,
            cframe = CFrame.new(39,0,-12.5,0,0,1,0,1,-0,-1,0,0),
            scale = 1,
        },
        ["f-2434"] = {
            hash = 2,
            id = "roof_high_v2_plain",
            colors = {
                [1] = Color3.new(0.45098,0.396078,0.360784),
            },
            was_free = false,
            no_value = true,
            cframe = CFrame.new(49.346,44.566,-115.599,0,0,-1,0,1,0,1,0,0),
            scale = 0.95,
        },
        ["f-3242"] = {
            hash = 2,
            id = "cardboardbox",
            colors = {
                [1] = Color3.new(0.686275,0.580392,0.513726),
            },
            was_free = false,
            no_value = true,
            cframe = CFrame.new(2,0,-14.8,1,0,0,0,1,0,0,0,1),
            scale = 1,
        },
        ["f-219"] = {
            hash = 2,
            id = "smallyellowflowers",
            colors = {
                [1] = Color3.new(0.639216,0.635294,0.647059),
                [2] = Color3.new(0.972549,0.972549,0.972549),
            },
            was_free = false,
            no_value = true,
            cframe = CFrame.new(1.79981,2.26953,-31.4,1,0,0,0,1,0,0,0,1),
            scale = 1,
        },
        ["f-2228"] = {
            hash = 2,
            id = "sphere_v3_plain",
            colors = {
                [1] = Color3.new(0.192157,0.196078,0.2),
            },
            was_free = false,
            no_value = true,
            cframe = CFrame.new(51.261,23.2302,-137.967,0.707134,-0,-0.707079,0,1,-0,0.707079,0,0.707134),
            scale = 0.05,
        },
        ["f-160"] = {
            hash = 2,
            id = "cardboardbox",
            colors = {
                [1] = Color3.new(0.686275,0.580392,0.513726),
            },
            was_free = false,
            no_value = true,
            cframe = CFrame.new(40.5,0,-26.2,1,0,0,0,1,0,0,0,1),
            scale = 1,
        },
        ["f-3141"] = {
            hash = 2,
            id = "beam_v1_plain",
            colors = {
                [1] = Color3.new(0.843137,0.807843,0.737255),
            },
            was_free = false,
            no_value = true,
            cframe = CFrame.new(29.7988,35.5134,-102.6,-1,0,0,0,-1,0,0,0,1),
            scale = 0.7,
        },
        ["f-3123"] = {
            hash = 2,
            id = "mound",
            colors = {
                [1] = Color3.new(0.490196,0.509804,0.415686),
            },
            was_free = false,
            no_value = true,
            cframe = CFrame.new(24.2256,31.7485,-115.241,0,0,-1,0,-1,-0,-1,0,-0),
            scale = 0.56,
        },
        ["f-2835"] = {
            hash = 2,
            id = "brick",
            colors = {
                [1] = Color3.new(0.482353,0.396078,0.341176),
            },
            was_free = false,
            no_value = true,
            cframe = CFrame.new(10.7012,16.6996,-120.853,0,0,1,-1,0,0,0,-1,0),
            scale = 0.55,
        },
        ["f-528"] = {
            hash = 2,
            id = "sphere_v3_plain",
            colors = {
                [1] = Color3.new(0.811765,0.764706,0.682353),
            },
            was_free = false,
            no_value = true,
            cframe = CFrame.new(53.8999,18.8281,-130.4,1,0,0,0,1,0,0,0,1),
            scale = 0.1,
        },
        ["f-2713"] = {
            hash = 2,
            id = "mound",
            colors = {
                [1] = Color3.new(0.490196,0.509804,0.415686),
            },
            was_free = false,
            no_value = true,
            cframe = CFrame.new(8.42559,31.8247,-118.441,-1,0,0,0,-1,0,0,0,1),
            scale = 0.71,
        },
        ["f-1280"] = {
            hash = 2,
            id = "wall_short_plain",
            colors = {
                [1] = Color3.new(0.843137,0.807843,0.737255),
            },
            was_free = false,
            no_value = true,
            cframe = CFrame.new(52.9004,40.3406,-102.5,0,-1,0,1,0,-0,0,0,1),
            scale = 1,
        },
        ["f-3305"] = {
            hash = 2,
            id = "brick",
            colors = {
                [1] = Color3.new(0.439216,0.364706,0.321569),
            },
            was_free = false,
            no_value = true,
            cframe = CFrame.new(4.96289,19.2998,-106.213,0,-1,-0,-1,0,-0,0,0,-1),
            scale = 0.55,
        },
        ["f-1845"] = {
            hash = 2,
            id = "mound",
            colors = {
                [1] = Color3.new(0.490196,0.509804,0.415686),
            },
            was_free = false,
            no_value = true,
            cframe = CFrame.new(68.2542,20.2669,-91.1,7.67708e-05,-0.587305,0.809366,2.48849e-05,0.809366,0.587305,-1,-2.48849e-05,7.67708e-05),
            scale = 1.53,
        },
        ["f-1176"] = {
            hash = 2,
            id = "beam_v1_plain",
            colors = {
                [1] = Color3.new(0.67451,0.639216,0.572549),
            },
            was_free = false,
            no_value = true,
            cframe = CFrame.new(58.6002,19.7939,-101.9,0,-1,0,0,0,1,-1,0,0),
            scale = 0.2,
        },
        ["f-2852"] = {
            hash = 2,
            id = "reclaimed_2023_planter",
            colors = {
                [1] = Color3.new(0.572549,0.6,0.47451),
                [2] = Color3.new(0.572549,0.6,0.47451),
                [3] = Color3.new(0.572549,0.6,0.47451),
                [4] = Color3.new(0.572549,0.6,0.47451),
                [5] = Color3.new(0.572549,0.6,0.47451),
                [6] = Color3.new(0.356863,0.364706,0.411765),
            },
            was_free = false,
            no_value = true,
            cframe = CFrame.new(13.2588,6.73828,-68.5234,-0.965952,0,-0.258721,0,1,0,0.258721,0,-0.965952),
            scale = 3.02,
        },
        ["f-2715"] = {
            hash = 2,
            id = "bowl",
            colors = {
                [1] = Color3.new(0.623529,0.462745,0.45098),
            },
            was_free = false,
            no_value = true,
            cframe = CFrame.new(29.6934,16.8515,-99.0125,1,0,0,0,0.422778,-0.906233,0,0.906233,0.422778),
            scale = 0.85,
        },
        ["f-1382"] = {
            hash = 2,
            id = "beam_v1_plain",
            colors = {
                [1] = Color3.new(0.780392,0.733333,0.647059),
            },
            was_free = false,
            no_value = true,
            cframe = CFrame.new(39.2002,23.7939,-101.9,0,-1,0,0,0,1,-1,0,0),
            scale = 0.2,
        },
        ["f-1234"] = {
            hash = 2,
            id = "brick",
            colors = {
                [1] = Color3.new(0.439216,0.364706,0.321569),
            },
            was_free = false,
            no_value = true,
            cframe = CFrame.new(18.1008,19.2993,-120.853,0,0,1,-1,0,0,0,-1,0),
            scale = 0.55,
        },
        ["f-3155"] = {
            hash = 2,
            id = "queenslander_wall_straight",
            colors = {
                [1] = Color3.new(0.509804,0.454902,0.415686),
                [2] = Color3.new(0.509804,0.454902,0.415686),
            },
            was_free = false,
            no_value = true,
            cframe = CFrame.new(32.5008,18.0637,-141.399,0,0,1,0,1,-0,-1,0,0),
            scale = 1,
        },
        ["f-1228"] = {
            hash = 2,
            id = "ropes_verticalrope_v1",
            colors = {
                [1] = Color3.new(0.894118,0.866667,0.811765),
            },
            was_free = false,
            no_value = true,
            cframe = CFrame.new(49.5359,41.5029,-101.657,-0.000212431,-0.707013,0.7072,1,-0.000352502,-5.20945e-05,0.000286192,0.7072,0.707014),
            scale = 1.1,
        },
        ["f-28"] = {
            hash = 2,
            id = "stylishshower",
            colors = {
                [1] = Color3.new(1,0.4,0.8),
                [2] = Color3.new(0.356863,0.364706,0.411765),
                [3] = Color3.new(0.972549,0.972549,0.972549),
            },
            was_free = false,
            no_value = true,
            cframe = CFrame.new(0,0,0,1,0,0,0,1,0,0,0,1),
            scale = 1,
        },
        ["f-2444"] = {
            hash = 2,
            id = "wall_short_plain",
            colors = {
                [1] = Color3.new(0.843137,0.807843,0.737255),
            },
            was_free = false,
            no_value = true,
            cframe = CFrame.new(55.9004,28.5935,-102.5,1,0,0,0,1,0,0,0,1),
            scale = 1,
        },
        ["f-842"] = {
            hash = 2,
            id = "sphere_v3_plain",
            colors = {
                [1] = Color3.new(0.886275,0.862745,0.819608),
            },
            was_free = false,
            no_value = true,
            cframe = CFrame.new(27,14.5471,-16.5,1,0,0,0,1,0,0,0,1),
            scale = 0.29,
        },
        ["f-3169"] = {
            hash = 2,
            id = "smallbottle",
            colors = {
                [1] = Color3.new(0.858824,0.827451,0.776471),
            },
            was_free = false,
            no_value = true,
            cframe = CFrame.new(47.0676,31.6182,-118.061,0.866097,-0,-0.499877,0,1,-0,0.499877,0,0.866097),
            scale = 1.13,
        },
        ["f-48"] = {
            hash = 2,
            id = "winter_2022_snowball_pile",
            colors = {
                [1] = Color3.new(0.517647,0.533333,0.458824),
            },
            was_free = false,
            no_value = true,
            cframe = CFrame.new(47.5242,17.1375,-93.0547,1,0,0,0,1,0,0,0,1),
            scale = 0.55,
        },
        ["f-3048"] = {
            hash = 2,
            id = "floor_long1_wood",
            colors = {
                [1] = Color3.new(0.619608,0.54902,0.509804),
            },
            was_free = false,
            no_value = true,
            cframe = CFrame.new(35.774,37.8309,-117.112,1,0,0,0,1,0,0,0,1),
            scale = 0.47,
        },
        ["f-1993"] = {
            hash = 2,
            id = "bowl",
            colors = {
                [1] = Color3.new(0.835294,0.737255,0.784314),
            },
            was_free = false,
            no_value = true,
            cframe = CFrame.new(14.4259,16.4786,14.7149,0.161003,-0.0575732,0.985273,-0.482993,0.865991,0.129529,-0.860695,-0.496735,0.11162),
            scale = 1.49,
        },
        ["f-2341"] = {
            hash = 2,
            id = "bowl",
            colors = {
                [1] = Color3.new(0.835294,0.737255,0.784314),
            },
            was_free = false,
            no_value = true,
            cframe = CFrame.new(3.10413,14.433,-19.2676,-0.456736,0.0116566,0.889526,0.00130928,0.999922,-0.012431,-0.889601,-0.00451306,-0.456716),
            scale = 1.15,
        },
        ["f-1794"] = {
            hash = 2,
            id = "bowl",
            colors = {
                [1] = Color3.new(0.623529,0.462745,0.45098),
            },
            was_free = false,
            no_value = true,
            cframe = CFrame.new(40.0127,29.1011,-95.8848,0.898791,-0.438378,-2.13534e-05,0.185358,0.380077,-0.906192,0.397263,0.814473,0.422867),
            scale = 0.72,
        },
        ["f-1748"] = {
            hash = 2,
            id = "beam_v1_plain",
            colors = {
                [1] = Color3.new(0.745098,0.713726,0.643137),
            },
            was_free = false,
            no_value = true,
            cframe = CFrame.new(38.7998,20.1938,-101.9,0,-1,0,0,0,1,-1,0,0),
            scale = 0.2,
        },
        ["f-481"] = {
            hash = 2,
            id = "mound",
            colors = {
                [1] = Color3.new(0.490196,0.556863,0.486275),
            },
            was_free = false,
            no_value = true,
            cframe = CFrame.new(37.3259,18.1463,-131.024,-0.707266,0,0.706947,0,1,0,-0.706947,0,-0.707266),
            scale = 0.35,
        },
        ["f-2362"] = {
            hash = 2,
            id = "sphere_v3_plain",
            colors = {
                [1] = Color3.new(0.109804,0.109804,0.109804),
            },
            was_free = false,
            no_value = true,
            cframe = CFrame.new(40.882,19.8593,-125.115,0.249923,-0.0670528,-0.965941,0.00852419,0.997713,-0.0670528,0.968228,0.00852419,0.249923),
            scale = 0.05,
        },
        ["f-1684"] = {
            hash = 2,
            id = "bowl",
            colors = {
                [1] = Color3.new(0.564706,0.47451,0.584314),
            },
            was_free = false,
            no_value = true,
            cframe = CFrame.new(36.4236,36.9706,-128.676,0.453944,0.658029,0.600777,0.649326,0.217421,-0.728769,-0.610172,0.720921,-0.328578),
            scale = 0.56,
        },
        ["f-2145"] = {
            hash = 2,
            id = "bowl",
            colors = {
                [1] = Color3.new(0.623529,0.462745,0.45098),
            },
            was_free = false,
            no_value = true,
            cframe = CFrame.new(53.9521,30.7207,-143.946,-1,0.000190907,-0.00017498,0.000190907,0.0868981,-0.996217,-0.00017498,-0.996217,-0.0868981),
            scale = 0.95,
        },
        ["f-1730"] = {
            hash = 2,
            id = "beam_v1_plain",
            colors = {
                [1] = Color3.new(0.745098,0.713726,0.643137),
            },
            was_free = false,
            no_value = true,
            cframe = CFrame.new(31.9996,25.5938,-101.9,0,-1,0,0,0,1,-1,0,0),
            scale = 0.2,
        },
        ["f-1818"] = {
            hash = 2,
            id = "brick",
            colors = {
                [1] = Color3.new(0.564706,0.458824,0.396078),
            },
            was_free = false,
            no_value = true,
            cframe = CFrame.new(19.7998,16.6999,-102.676,0,0,-1,-1,0,0,0,1,0),
            scale = 0.55,
        },
        ["f-2345"] = {
            hash = 2,
            id = "biodome_2022_four_leaf",
            colors = {
                [1] = Color3.new(0.686275,0.501961,0.490196),
            },
            was_free = false,
            no_value = true,
            cframe = CFrame.new(41.2002,28.6615,-94.9083,0.707138,-2.16067e-06,-0.707076,-0.499998,0.707077,-0.500044,0.499958,0.707137,0.5),
            scale = 0.1,
        },
        ["f-1300"] = {
            hash = 2,
            id = "torus_v3_plain",
            colors = {
                [1] = Color3.new(0.701961,0.65098,0.564706),
            },
            was_free = false,
            no_value = true,
            cframe = CFrame.new(6.37968,21.9868,-112.037,0.311586,0.0473274,-0.949039,-0.0095636,0.998864,0.0466722,0.95017,-0.00546618,0.311685),
            scale = 0.29,
        },
        ["f-2658"] = {
            hash = 2,
            id = "magic_nightstand",
            colors = {
                [1] = Color3.new(0.427451,0.380392,0.34902),
                [2] = Color3.new(0.564706,0.482353,0.435294),
                [3] = Color3.new(0.827451,0.745098,0.588235),
            },
            was_free = false,
            no_value = true,
            cframe = CFrame.new(54.5,16.7498,-122.4,0,0,-1,0,1,0,1,0,0),
            scale = 1,
        },
        ["f-3277"] = {
            hash = 2,
            id = "reclaimed_2023_planter",
            colors = {
                [1] = Color3.new(0.490196,0.509804,0.415686),
                [2] = Color3.new(0.490196,0.509804,0.415686),
                [3] = Color3.new(0.490196,0.509804,0.415686),
                [4] = Color3.new(0.490196,0.509804,0.415686),
                [5] = Color3.new(0.490196,0.509804,0.415686),
                [6] = Color3.new(0.490196,0.509804,0.415686),
            },
            was_free = false,
            no_value = true,
            cframe = CFrame.new(31.6786,27.7378,-101.932,0.500061,-2.33948e-05,-0.86599,0.86599,4.05312e-05,0.500061,2.33948e-05,-1,4.05312e-05),
            scale = 0.5,
        },
        ["f-394"] = {
            hash = 2,
            id = "reclaimed_2023_planter",
            colors = {
                [1] = Color3.new(0.572549,0.6,0.47451),
                [2] = Color3.new(0.572549,0.6,0.47451),
                [3] = Color3.new(0.572549,0.6,0.47451),
                [4] = Color3.new(0.572549,0.6,0.47451),
                [5] = Color3.new(0.572549,0.6,0.47451),
                [6] = Color3.new(0.356863,0.364706,0.411765),
            },
            was_free = false,
            no_value = true,
            cframe = CFrame.new(34.6615,9.50803,-46.9818,-0.908949,-0.272279,-0.315716,-0.385023,0.838679,0.385193,0.159905,0.471679,-0.86715),
            scale = 2.45,
        },
        ["f-3296"] = {
            hash = 2,
            id = "cheaptablelamp",
            on = true,
            colors = {
                [1] = Color3.new(0.92549,0.282353,0.282353),
                [2] = Color3.new(1,0.8,0.6),
            },
            was_free = false,
            no_value = true,
            cframe = CFrame.new(2.2002,1.9,-14.8,1,0,0,0,1,0,0,0,1),
            scale = 1,
        },
        ["f-3105"] = {
            hash = 2,
            id = "stairs_v1_wood",
            colors = {
                [1] = Color3.new(0.45098,0.396078,0.360784),
            },
            was_free = false,
            no_value = true,
            cframe = CFrame.new(58.2998,17.2497,-108.101,-1,0,0,0,1,0,0,0,-1),
            scale = 1,
        },
        ["f-1806"] = {
            hash = 2,
            id = "reclaimed_2023_planter",
            colors = {
                [1] = Color3.new(0.490196,0.509804,0.415686),
                [2] = Color3.new(0.490196,0.509804,0.415686),
                [3] = Color3.new(0.490196,0.509804,0.415686),
                [4] = Color3.new(0.490196,0.509804,0.415686),
                [5] = Color3.new(0.490196,0.509804,0.415686),
                [6] = Color3.new(0.356863,0.364706,0.411765),
            },
            was_free = false,
            no_value = true,
            cframe = CFrame.new(24.558,39.5162,-106.718,-0.471528,-2.47359e-06,-0.881851,-0.881851,-0.00011456,0.471528,-0.000102222,1,5.1856e-05),
            scale = 0.53,
        },
        ["f-3240"] = {
            hash = 2,
            id = "trim_v3_top_plain",
            colors = {
                [1] = Color3.new(0.894118,0.866667,0.811765),
            },
            was_free = false,
            no_value = true,
            cframe = CFrame.new(6.06348,26.4624,-107.301,0,-1,0,0,0,-1,1,0,0),
            scale = 0.65,
        },
        ["f-541"] = {
            hash = 2,
            id = "queenslander_pet_bed",
            colors = {
                [1] = Color3.new(0.780392,0.729412,0.627451),
                [2] = Color3.new(0.54902,0.627451,0.54902),
                [3] = Color3.new(0.564706,0.482353,0.435294),
                [4] = Color3.new(0.509804,0.454902,0.415686),
                [5] = Color3.new(0.803922,0.803922,0.803922),
            },
            was_free = false,
            no_value = true,
            cframe = CFrame.new(46,31.8784,-131.9,0.866007,0,0.500031,0,1,0,-0.500031,0,0.866007),
            scale = 0.62,
        },
        ["f-1214"] = {
            hash = 2,
            id = "sphere_v3_plain",
            colors = {
                [1] = Color3.new(0.894118,0.866667,0.811765),
            },
            was_free = false,
            no_value = true,
            cframe = CFrame.new(47.6797,20.4111,-140.389,0,0,-1,0,1,0,1,0,0),
            scale = 0.08,
        },
        ["f-469"] = {
            hash = 2,
            id = "rocky_mound",
            colors = {
                [1] = Color3.new(0.490196,0.509804,0.415686),
                [2] = Color3.new(0.686275,0.686275,0.686275),
                [3] = Color3.new(0.686275,0.686275,0.686275),
            },
            was_free = false,
            no_value = true,
            cframe = CFrame.new(60.4004,15.9343,-98.3996,0,0,-1,0,1,0,1,0,0),
            scale = 0.32,
        },
        ["f-173"] = {
            hash = 2,
            id = "beam_v1_plain",
            colors = {
                [1] = Color3.new(0.67451,0.639216,0.572549),
            },
            was_free = false,
            no_value = true,
            cframe = CFrame.new(50.8996,19.6936,-101.9,0,-1,0,0,0,1,-1,0,0),
            scale = 0.2,
        },
        ["f-2405"] = {
            hash = 2,
            id = "reclaimed_2023_planter",
            colors = {
                [1] = Color3.new(0.619608,0.478431,0.466667),
                [2] = Color3.new(0.619608,0.478431,0.466667),
                [3] = Color3.new(0.619608,0.478431,0.466667),
                [4] = Color3.new(0.619608,0.478431,0.466667),
                [5] = Color3.new(0.619608,0.478431,0.466667),
                [6] = Color3.new(0.490196,0.509804,0.415686),
            },
            was_free = false,
            no_value = true,
            cframe = CFrame.new(52.6089,39.646,-102.25,0.977492,-7.13021e-06,0.210974,-0.210974,-6.67572e-05,0.977492,7.13021e-06,-1,-6.67572e-05),
            scale = 0.3,
        },
        ["f-2786"] = {
            hash = 2,
            id = "bowl",
            colors = {
                [1] = Color3.new(0.780392,0.729412,0.627451),
            },
            was_free = false,
            no_value = true,
            cframe = CFrame.new(37.3914,38.7043,-115.091,0.999995,0,0.00319391,0,1,0,-0.00319391,0,0.999995),
            scale = 0.7,
        },
        ["f-1616"] = {
            hash = 2,
            id = "biodome_2022_large_tree",
            colors = {
                [1] = Color3.new(0.596078,0.627451,0.482353),
                [2] = Color3.new(0.498039,0.439216,0.403922),
            },
            was_free = false,
            no_value = true,
            cframe = CFrame.new(-71.5,-10.8564,-139.5,1,0,0,0,1,0,0,0,1),
            scale = 1.9,
        },
        ["f-124"] = {
            hash = 2,
            id = "wall_short_plain",
            colors = {
                [1] = Color3.new(0.843137,0.807843,0.737255),
            },
            was_free = false,
            no_value = true,
            cframe = CFrame.new(25.7002,15.3937,-127.9,0,0,1,0,1,-0,-1,0,0),
            scale = 1.4,
        },
        ["f-1668"] = {
            hash = 2,
            id = "ropes_horizontalrope_v3",
            colors = {
                [1] = Color3.new(0.4,0.356863,0.329412),
            },
            was_free = false,
            no_value = true,
            cframe = CFrame.new(-20.0378,33.4088,-71.5094,0.676209,-0.206729,0.70711,0.292392,0.956298,-3.39523e-05,-0.676201,0.206776,0.707104),
            scale = 1.34,
        },
        ["f-1803"] = {
            hash = 2,
            id = "magic_nightstand",
            colors = {
                [1] = Color3.new(0.427451,0.380392,0.34902),
                [2] = Color3.new(0.564706,0.482353,0.435294),
                [3] = Color3.new(0.827451,0.745098,0.588235),
            },
            was_free = false,
            no_value = true,
            cframe = CFrame.new(54.5,16.7498,-120,0,0,-1,0,1,0,1,0,0),
            scale = 1,
        },
        ["f-2532"] = {
            hash = 2,
            id = "column_v3_wood",
            colors = {
                [1] = Color3.new(0.45098,0.396078,0.360784),
            },
            was_free = false,
            no_value = true,
            cframe = CFrame.new(41.0725,22.0991,-101.674,0.866052,-0,-0.499954,0,1,-0,0.499954,0,0.866052),
            scale = 0.4,
        },
        ["f-1188"] = {
            hash = 2,
            id = "brick",
            colors = {
                [1] = Color3.new(0.564706,0.501961,0.462745),
            },
            was_free = false,
            no_value = true,
            cframe = CFrame.new(14.8008,20.5993,-120.853,0,0,1,-1,0,0,0,-1,0),
            scale = 0.55,
        },
        ["f-1662"] = {
            hash = 2,
            id = "sphere_v3_plain",
            colors = {
                [1] = Color3.new(0.886275,0.862745,0.819608),
            },
            was_free = false,
            no_value = true,
            cframe = CFrame.new(34.7637,14.5615,-30.8076,0.707134,-0,-0.707079,0,1,-0,0.707079,0,0.707134),
            scale = 0.26,
        },
        ["f-1988"] = {
            hash = 2,
            id = "smallplate",
            colors = {
                [1] = Color3.new(0.384314,0.388235,0.407843),
            },
            was_free = false,
            no_value = true,
            cframe = CFrame.new(-7.537,21.4202,-55.5645,-0.5737,0.0130341,0.818962,-0.0356608,-0.999323,-0.00907651,0.818289,-0.034412,0.573777),
            scale = 1.56,
        },
        ["f-1016"] = {
            hash = 2,
            id = "reclaimed_2023_planter",
            colors = {
                [1] = Color3.new(0.490196,0.509804,0.415686),
                [2] = Color3.new(0.490196,0.509804,0.415686),
                [3] = Color3.new(0.490196,0.509804,0.415686),
                [4] = Color3.new(0.490196,0.509804,0.415686),
                [5] = Color3.new(0.490196,0.509804,0.415686),
                [6] = Color3.new(0.356863,0.364706,0.411765),
            },
            was_free = false,
            no_value = true,
            cframe = CFrame.new(40.2714,47.8805,-105.315,0.707294,9.13739e-05,0.70692,0.70692,-6.12736e-05,-0.707294,-2.14577e-05,1,-0.000108004),
            scale = 1.03,
        },
        ["f-789"] = {
            hash = 2,
            id = "smallplate",
            colors = {
                [1] = Color3.new(0.352941,0.286275,0.254902),
            },
            was_free = false,
            no_value = true,
            cframe = CFrame.new(-21.2002,17.5336,-125.8,1,0,0,0,-1,0,0,0,-1),
            scale = 1,
        },
        ["f-2091"] = {
            hash = 2,
            id = "tree_lamp",
            on = true,
            colors = {
                [1] = Color3.new(0.745098,0.713726,0.654902),
                [2] = Color3.new(0.466667,0.411765,0.372549),
                [3] = Color3.new(0.745098,0.713726,0.654902),
                [4] = Color3.new(0.713726,0.658824,0.403922),
            },
            was_free = false,
            no_value = true,
            cframe = CFrame.new(-6.5,21.1431,-78,1,0,0,0,1,0,0,0,1),
            scale = 1.91,
        },
        ["f-1107"] = {
            hash = 2,
            id = "bowl",
            colors = {
                [1] = Color3.new(0.623529,0.462745,0.45098),
            },
            was_free = false,
            no_value = true,
            cframe = CFrame.new(29.6934,18.9725,-101.326,1,0,0,0,0.422778,-0.906233,0,0.906233,0.422778),
            scale = 0.85,
        },
        ["f-2930"] = {
            hash = 2,
            id = "queenslander_wall_straight",
            colors = {
                [1] = Color3.new(0.509804,0.454902,0.415686),
                [2] = Color3.new(0.509804,0.454902,0.415686),
            },
            was_free = false,
            no_value = true,
            cframe = CFrame.new(58.6677,17.45,-103.439,0,0,-1,0,1,0,1,0,0),
            scale = 1,
        },
        ["f-595"] = {
            hash = 2,
            id = "tinysquaretree",
            colors = {
                [1] = Color3.new(0.647059,0.666667,0.568627),
                [2] = Color3.new(0.572549,0.6,0.47451),
                [3] = Color3.new(0.498039,0.439216,0.403922),
                [4] = Color3.new(0.572549,0.6,0.47451),
            },
            was_free = false,
            no_value = true,
            cframe = CFrame.new(35.2274,-9.39917,41.5787,0.707134,-0,-0.707079,0,1,-0,0.707079,0,0.707134),
            scale = 25.96,
        },
        ["f-1245"] = {
            hash = 2,
            id = "beam_v1_plain",
            colors = {
                [1] = Color3.new(0.745098,0.713726,0.643137),
            },
            was_free = false,
            no_value = true,
            cframe = CFrame.new(57.1006,30.8937,-101.9,0,-1,0,0,0,1,-1,0,0),
            scale = 0.2,
        },
        ["f-1629"] = {
            hash = 2,
            id = "reclaimed_2023_planter",
            colors = {
                [1] = Color3.new(0.490196,0.509804,0.415686),
                [2] = Color3.new(0.490196,0.509804,0.415686),
                [3] = Color3.new(0.490196,0.509804,0.415686),
                [4] = Color3.new(0.490196,0.509804,0.415686),
                [5] = Color3.new(0.490196,0.509804,0.415686),
                [6] = Color3.new(0.490196,0.509804,0.415686),
            },
            was_free = false,
            no_value = true,
            cframe = CFrame.new(58.1525,26.6998,-139.944,0.000245631,-1,-4.23491e-05,0.258795,2.26498e-05,0.965932,-0.965932,-0.000248224,0.258795),
            scale = 0.75,
        },
        ["f-270"] = {
            hash = 2,
            id = "reclaimed_2023_planter",
            colors = {
                [1] = Color3.new(0.631373,0.47451,0.462745),
                [2] = Color3.new(0.631373,0.47451,0.462745),
                [3] = Color3.new(0.631373,0.47451,0.462745),
                [4] = Color3.new(0.631373,0.47451,0.462745),
                [5] = Color3.new(0.631373,0.47451,0.462745),
                [6] = Color3.new(0.490196,0.509804,0.415686),
            },
            was_free = false,
            no_value = true,
            cframe = CFrame.new(46.51,26.1775,-143.574,-0.707714,0.000479668,0.706499,0.706499,-0.000117898,0.707714,0.000422776,1,-0.000255466),
            scale = 0.65,
        },
        ["f-930"] = {
            hash = 2,
            id = "beam_v1_plain",
            colors = {
                [1] = Color3.new(0.894118,0.866667,0.811765),
            },
            was_free = false,
            no_value = true,
            cframe = CFrame.new(40.3059,42.1945,-100.259,0.865914,0.500193,-4.07398e-05,-4.07398e-05,0.000151992,1,0.500193,-0.865914,0.000151992),
            scale = 0.2,
        },
        ["f-563"] = {
            hash = 2,
            id = "beam_v1_plain",
            colors = {
                [1] = Color3.new(0.67451,0.639216,0.572549),
            },
            was_free = false,
            no_value = true,
            cframe = CFrame.new(50.9844,34.0049,-101.833,0,1,0,0,0,-1,-1,0,0),
            scale = 0.13,
        },
        ["f-341"] = {
            hash = 2,
            id = "queenslander_door_frame",
            colors = {
                [1] = Color3.new(0.564706,0.482353,0.435294),
            },
            was_free = false,
            no_value = true,
            cframe = CFrame.new(43.6189,17.395,-103.054,0,0,-1,0,1,0,1,0,0),
            scale = 1.67,
        },
        ["f-320"] = {
            hash = 2,
            id = "beam_v3_plain",
            colors = {
                [1] = Color3.new(0.580392,0.513726,0.478431),
            },
            was_free = false,
            no_value = true,
            cframe = CFrame.new(52.6947,20.4072,-134.512,0.743157,-3.94881e-05,-0.669117,-0.669117,-0.000102878,-0.743157,-3.94881e-05,1,-0.000102878),
            scale = 0.19,
        },
        ["f-2529"] = {
            hash = 2,
            id = "woodbowl",
            colors = {
                [1] = Color3.new(0.796078,0.741176,0.709804),
            },
            was_free = false,
            no_value = true,
            cframe = CFrame.new(33.5586,16.978,-136.408,1,0,0,0,1,0,0,0,1),
            scale = 1,
        },
        ["f-1168"] = {
            hash = 2,
            id = "rollingpin",
            colors = {
                [1] = Color3.new(0.843137,0.807843,0.737255),
                [2] = Color3.new(0.768627,0.733333,0.662745),
            },
            was_free = false,
            no_value = true,
            cframe = CFrame.new(38.5842,22.5,-98.8625,2.0504e-05,0.86604,-0.499975,-1,2.0504e-05,-5.49853e-06,5.49853e-06,0.499975,0.86604),
            scale = 0.35,
        },
        ["f-1310"] = {
            hash = 2,
            id = "brick",
            colors = {
                [1] = Color3.new(0.564706,0.501961,0.462745),
            },
            was_free = false,
            no_value = true,
            cframe = CFrame.new(7.60137,19.3,-102.676,0,0,-1,-1,0,0,0,1,0),
            scale = 0.55,
